31786265
30917630
32116717
30252301
31753861
31556346
31874349
31409605
31786336
32572429
31888889
32133356
31738894
32117972
32508813
32304130
31710896
32000815
32290499
32802572
32005874
31956028
32015098
32269263
32824286
32763970
32183000
32320653
32676100
32116708
31574461
32029897
32556038
32483148
32104529
32253221
32381176
31733451
32013758
32903426
32260457
32851835
32351713
32334473
31862417
32645555
32194778
31819273
31912634
32425913
30958694
32630312
32170070
32854254
31704614
31161714
31919222
32100402
31894311
32597573
32053892
32148779
31692172
31630969
31894321
31908105
32620768
32831099
31941092
31689601
32210435
31932580
32612070
32558113
31746373
31974380
31691903
31622846
32317630
32140166
32237067
32144446
32161611
32611437
32366533
31743734
31904399
31639651
32733509
31755150
32879309
31733572
31506635
32934778
32092686
32708040
31291716
32494130
32187511
32392192
32080622
31719683
31678753
32421925
31733570
31707337
32144268
31719677
32486420
31682591
32193329
32343689
32077241
32326539
32163415
31873723
31730886
30953688
32043743
32296175
31896673
32218238
31876224
32286299
31401622
32491559
31468514
32493806
32182121
31964869
32559195
31471556
32649716
32661253
32690704
31924176
31558773
31757826
31810118
32282324
31636344
31882553
32686685
32561730
32174999
32393788
31999759
31677606
32040555
32769920
31678743
32380787
31724799
32796829
32497127
31999765
31696568
32376553
31914607
31498070
32153368
31841806
32275922
31605941
31953534
32561755
31705151
31751869
32484825
32201231
32547960
32589330
31794640
31652008
31728056
31806377
32001511
31483954
32150175
32060352
31998844
31733449
32012200
31865963
31810137
32097644
32130239
31715373
31746402
32703806
32009044
32591521
31836659
32660440
31647784
32094111
32115506
32695950
32646047
32821102
31778748
32092124
32317979
32548739
31894345
32897597
31931552
30742931
32702063
32469908
32090691
32944395
32665551
31906414
31743657
32415868
32312819
31914018
31968056
32368059
31887796
32020876
32071228
31667884
32340377
31935827
32093596
31735730
32134954
31839421
32398747
31995154
32134040
31837018
32029733
32158209
32484831
31875458
32167212
32530555
31882549
31712391
32014098
32544799
32092745
32807793
31631531
31894259
32769998
31882473
32398749
32020890
32201430
31839624
32200422
32203010
32187278
32488020
31907023
32066502
31746353
32609259
31992798
32131934
32102121
32005765
32734731
32201264
32348428
31980600
31895941
32447938
31998444
32270546
31992647
31942786
32879059
32401928
32179753
32328606
32174262
32105594
31852686
32598363
32156734
32089781
31964245
31892693
32591500
32528010
32115531
31856607
31882470
32212786
31875223
32176263
32015787
32730247
32814759
32146479
32513743
32339204
32788555
32115515
32132319
32010641
32097779
32214279
31935877
32347601
31923181
32368036
31922234
32144251
32328613
31932328
32023760
32099363
32186283
32320774
31939597
32099340
32393626
32089787
32386033
31904352
31968140
32810174
31918333
32868797
31932554
31950164
32028422
32348429
32364266
32301195
32031738
32059723
32357169
31998438
32147666
31940823
31947743
32788676
32065143
32130290
32367771
31941784
31994599
32182268
32009046
31941788
31952077
32470038
32059016
31782272
32332640
31815824
32215870
32658903
32302311
32933638
32591543
32114452
32702794
32313019
32376568
31882460
32481450
32493873
32097449
32732898
32381120
32023758
32696821
32046368
31978129
32763356
32306006
32730293
31940844
32764941
32229084
32673372
32376548
32792548
32520208
32561735
32673355
32408786
32238696
32821103
32579554
32606667
31905193
32342732
32418385
32520220
32102498
32901682
32143616
32135634
32547023
31935933
32901679
32702056
32557964
32121354
32421698
32866141
32628695
32843630
32163396
32312987
31988394
32103937
32132327
32684588
32434918
32696822
32606693
32256066
32606677
32821097
32494132
32368045
32879078
32821104
31905194
32143618
31996737
32428092
32494133
32425523
32726362
32271805
32753868
32547015
32368043
32376557
32606682
32089770
32161460
32513979
32271800
32368044
31994601
32415892
31988186
32606692
32606686
32051357
32376584
32584884
32434183
32069904
32792491
32164676
32443370
32353084
32130369
32376556
32520081
31948526
31401981
32606670
32341231
32168344
32933626
32089784
32184379
32800232
32606685
32240261
32046688
32753869
32476221
32091112
32210559
32294688
32275665
32210560
32099356
32760056
31935970
32443376
31995555
32376567
32844924
31778187
32020892
32193019
32111333
32440115
32341232
32606688
32523342
32511270
31852788
32658891
32197606
32340261
32121273
31991751
32106552
32587598
32848017
32579927
28613685
32901466
31392350
31353329
32298294
31789417
31706105
32730336
31983185
32850371
32947882
32132320
32731491
32542183
31726870
32111753
32404875
32811837
31830491
32350249
32549752
32194994
32726295
32613057
32595615
32349579
32951412
32782585
32439211
31969562
32246277
32892209
32270855
32020859
31994958
31949161
32867310
32546573
32376564
32126993
32009489
32156314
32534355
32280215
32051248
32252470
32327691
32721966
32657447
32875173
32204912
32914066
32731602
32641772
32361594
32151068
32751845
31968633
32009900
32633719
32371874
32616253
32460187
32060308
32053868
32759730
32653010
32210149
32893325
32429320
32209981
32516127
31928997
32801360
32524089
32545608
32745080
32203529
32197442
31936571
31988165
31804608
32050846
32686295
31978106
32953506
32346399
32213866
32316260
32768948
32201424
32265663
32012401
32763355
32156828
32575071
31932442
32523960
32370132
32850788
32823919
32824273
32788383
32162733
32004356
32001438
31830840
32160104
32401923
32321153
32269212
32099354
32019552
32581219
32366289
32157083
32147635
32033400
31992293
31712393
32474503
31985119
32547014
32159862
32021186
31906861
31894322
31810115
31642557
32807785
32103022
32093389
32624210
32317086
32432056
32948194
32158614
31546305
32547058
32874831
32531192
32774246
32015337
32316560
32050020
32165446
32793591
32735843
31924235
32751706
32392363
31969600
32246642
32317935
32028675
32382009
32714930
32528555
32612152
32258934
32413049
31982940
32340275
31998689
32296426
32103996
32664576
32625177
31792136
32849539
32203008
32391099
32276448
31379249
32809646
32312956
32842524
32805675
32792583
32695747
32104260
32565564
32106481
32571643
32793311
32830148
32610527
32554905
32132657
32829024
32547017
32894223
32340265
32059483
32066953
32140532
32109382
32398959
32541797
31989154
32825277
32848004
32420142
32714568
32351716
32546691
32587616
32167239
32021262
32495124
32722005
32157656
32710946
32667911
32635598
32279088
32246537
32143211
32109484
32013807
31830477
31707347
32216582
32020223
31998784
32302548
32497811
32159588
32089777
31894303
31733571
31723025
31707341
32388390
32301392
31454860
32582710
32571922
32547011
32494135
32210550
32184592
32005234
31834974
32826852
32483402
32557953
31953423
31738938
31707351
32312982
31902854
31894301
31863590
31666439
32210730
32963576
32365592
32131953
32194890
32486255
32169869
32782432
32575749
32699182
32365781
32684984
32337367
32620755
32221312
31969640
32576823
32624505
32778143
32140041
32002309
32435255
32210988
32362888
32963810
32662583
31996121
32830308
32647331
32324220
32317755
32127013
32106121
32149176
32435885
32752206
32861242
32160576
32587592
32863934
32581545
32345661
32874942
32265656
32117965
32229120
32457843
32038277
32567280
32432115
32612718
32403229
32337074
32517090
31987044
32614928
32504030
32218241
32684242
32671059
31960797
32608563
32276518
32591647
32480041
32051738
32431546
32340246
32952659
32719328
32196619
32564734
32049290
32575555
32194568
32650778
32765594
32708141
32416440
31914969
32419365
32071301
32953520
32021838
32231206
32218809
32863225
32232042
32509306
31980622
32693629
32748597
32309397
31959760
32423035
32724459
32363127
32429050
32766148
32826875
32024777
31900651
32728477
32277668
32121558
32134960
32781572
32729295
32919042
31892846
32195323
32117097
32751250
32202065
32859501
31811337
31919392
31895048
32120810
32365761
31392516
32015325
32885011
32765806
32308547
31778799
32351005
32489885
31242129
32515359
32093450
31467431
32217765
32083136
32382353
31841754
32733457
32350411
31919279
32784852
32968345
32884256
32709863
32582562
31995763
32414859
32016417
32200255
32133013
32545631
32232682
32161470
31963113
32063824
32047214
32733450
29999798
32466428
31962237
32837693
32206098
32120820
32542113
31996668
32446182
32952645
31856355
32555321
32487986
32469171
32468629
32264868
31894295
31894292
31746345
31685543
31521691
32481630
32692781
32678819
32653521
32579557
32437347
32238563
32228226
32119176
32086523
32032388
32020227
31992828
31992692
31971954
31836554
31697837
31642199
31882551
32034134
32859940
32369495
32312329
32278789
32086839
32022328
31975570
31967481
31881079
31672275
32764921
32541451
31787253
31655428
32507769
32608202
32012389
31964807
31894250
31746362
31306552
32448801
31234698
32364533
31912375
32214849
32595179
32811446
32014658
32200805
32810137
32635287
32182828
32138280
32170066
32492112
31584324
32150581
32750090
32260198
32528824
32605658
32625062
32162801
32308263
32178288
32398313
32622310
32182843
32917040
32244307
32123581
32256352
31897241
32498452
31605271
32570977
32010163
32194748
32181162
32155920
32737343
31571650
32187960
32922810
32759789
32754017
32323568
32277651
32082425
32316245
32210810
32884619
32575437
32093550
32610131
32532319
32635638
32375245
32308664
32141563
32875028
32676834
32026232
32393745
32024297
32416756
32457128
31613799
32934772
32859110
32121322
31376199
32181153
32494123
32005941
32231169
32630813
32778730
32323828
32814770
32389947
32660150
32724079
31942016
32732879
32521256
32329229
32042960
32634379
32230722
32394975
32578493
31488552
32733436
31926048
32734729
32312951
32528857
32656498
32242030
31960173
32108600
31951630
31238096
32255768
32260543
32356605
32760266
32708333
32384691
32359693
32774674
31926631
32754179
32690135
32521639
32143356
32194993
32802409
32582532
32000374
32582638
31841269
32547550
32724338
32290325
31793055
32604833
32846129
32774270
32575350
32311424
32277659
32623437
32033136
32560232
32377726
32355846
32694651
32100392
31969633
32030476
31981293
31988281
32577423
32825274
32460003
32447296
32854274
32528302
32457334
32120843
32100005
32681102
31961868
32444694
31919461
32696004
32267491
32848622
32581812
32382060
32194375
31980596
32678160
32034098
32587235
32433703
32415208
32385301
32239217
32143215
32021192
31875760
31790894
31689600
32425522
31990345
31907031
32728001
32425524
32368051
32368042
32349783
32303624
32210558
32181526
32024846
32021166
31940813
31799626
31706751
32020215
32694738
32636621
32614824
32343721
32293550
32242546
32163390
32071317
31780527
31746404
31902939
32560527
32621919
32606664
32401925
32184594
32103944
32049100
31949138
31906916
31743514
31123924
32321985
32277672
32931489
32337295
32120878
31996485
32104613
32151027
32298535
32384677
32368617
32021943
31785413
32513923
32887241
32863906
32726624
32742605
32887795
32290442
32754163
31988594
32756500
32528057
32481482
32429486
32377396
32679655
32486485
32024820
32570722
32929327
32718025
32414691
32046105
31953414
32672422
32155734
31980916
31960265
32880637
32581786
32091646
32155856
32277676
32238777
32751750
32206559
32424160
31900165
32832155
32213589
32752193
32098073
31931284
32304657
32065479
32848711
32508042
32674017
32283798
31838829
32673463
32181386
32391394
32323755
32393576
32144149
32268091
32362907
30372008
31815302
32094346
32859106
32789109
31918281
31552910
31998312
32742367
32876369
31874443
32430334
32028649
32508629
32545559
32132528
32175331
32002302
32456685
32173687
31892847
31992245
32541772
32019585
31893287
32842656
32411331
31819190
32879067
32028644
32783492
32091387
32322335
31947862
32847625
31677359
32846790
32610618
32647199
32527068
32625214
32512800
32308578
32244798
32719342
32679702
32075957
32312968
32194789
31661465
32021639
31821701
31970693
32377350
32685475
32531147
32181231
32923160
32821438
31447475
32019911
32566256
32457787
32249778
32085497
32577161
32565998
32887516
31907348
32913509
32123580
32070020
32205444
31959745
31949127
32733879
32613108
32399404
32727112
32194035
32371863
32104028
32277740
31756590
32765970
32074079
32155321
32064048
32516116
32606935
32565530
32727073
32768881
32461348
32111089
32617039
32368614
32308658
31689560
31676858
32337073
32774808
32057295
32036449
32768978
32645684
31914378
32455774
32012188
32341339
32047805
32120831
32144343
32839444
31180579
32872532
32116780
32610482
32606691
32440118
32161458
31776132
31727629
31597953
32243356
32021111
32615338
32669568
32353058
32348319
32169782
32110020
32066721
32011832
31801685
32474511
32020207
31887257
32826891
32432721
32198351
32021189
31813891
31810132
31734579
31724435
31629789
32716920
32192854
31820522
31746376
32531986
32071302
32341350
32152317
32146518
32134994
32084217
31954879
31810139
31762353
31675763
32020231
32020219
31957155
31882472
31833715
32357578
31755655
31819256
31975220
31693854
32050569
31864707
32225009
32391808
32612537
32038986
31979100
31837604
32952339
30725761
32655398
32292509
30901072
32938995
32391593
32199908
32466291
32404863
32326356
32508015
32718057
32676186
32724476
32660751
32406610
32075610
32477104
32623044
32133284
31882544
32347651
32382626
31678168
32864165
32599218
32408520
32094490
32806545
32533047
32884291
32825511
32670513
32158597
31991650
31915368
32596160
32351395
32258156
32244433
32138904
32117843
31985117
31559969
31571665
32628668
32850341
32268876
32963939
32595733
32468056
32466342
32142590
32497154
31944278
31522488
31999644
30941720
32698337
32174881
32095117
31556696
32051398
31536223
32647635
32138738
32610601
32312973
32117642
31936134
32872094
32488074
32195056
32138774
32004978
32527929
32366830
32286256
32788218
32139779
32319206
32269191
32635622
32934764
32862589
32774487
32241808
32937854
32148547
31694890
32344919
32277653
32180546
32242036
32606936
32144342
32357477
31674166
31601568
32862603
32273538
32390873
32747606
32706336
32485811
32690770
32409651
32379705
32526974
32665569
32765280
32010609
31947615
32639111
31996779
32914080
32468046
32765511
32652997
32244895
32243973
32825390
32483300
32541476
31645676
32575773
32071389
32162830
32345627
32156121
32303673
32405337
32792905
32582682
32373079
32134806
32927433
32714859
32670200
32620813
32794578
32695664
32652427
32394907
31791444
32457125
32923163
32883947
32849690
32642580
32266087
32117376
32582792
32373100
32582284
32123585
32736653
32766249
32184394
32189965
32903806
31931138
32375257
32164319
32914067
32493127
32313724
32758132
32705166
32575843
32442660
32224984
31937836
31919387
32426618
32788343
32824616
32125093
32452511
32398657
32776140
31935895
32283806
32793892
32431113
32214021
32324311
31901198
31754016
32020212
32759679
32923159
31369713
32456366
32276421
32163392
32032391
31829029
32256068
32208430
32073706
32020217
32020210
32821122
32521863
32390360
32214355
32143990
31900380
31854220
32020222
32494134
32279346
32218573
32020692
31978067
31922310
31917788
31904361
31744820
31683179
32242021
32753746
31948903
30990357
32954034
32554852
32859765
32415279
32923147
31991058
32209759
32747471
32948017
31273299
32296107
32310956
31992989
31077845
32027617
31476841
32606364
32134153
31964958
32411707
29630198
32286411
32015503
32561539
32764483
32948210
32698492
31932607
32455542
31911474
32481635
32670023
32249785
32355741
32846867
32409692
32900849
31988180
31865179
32503295
32953529
32303234
31930723
31746366
32414944
31570857
32314080
32718094
32704022
32799784
32015439
32310224
32075127
32049776
32587261
31936236
32193378
32029702
32042368
31941010
32376116
32601262
32334412
32260305
32010123
31991784
32925983
32174799
31974356
31918653
32410836
32303678
32576225
32103754
32041990
32822581
32657085
32824744
32650490
32528731
32426577
31926625
32665601
32010480
32052042
32855734
32953528
32595945
32295275
32337408
32235584
32078115
31870188
32549347
31936067
32778594
32591499
31956296
31942068
32681017
32585596
31887850
31974594
32572049
32424769
32325459
32059457
32375405
32235498
32148392
31726206
32742660
32296390
32236567
31968535
32589932
31997820
32708315
32357828
32194803
32512786
32434790
31907371
32447208
32240238
32392799
32375053
32018221
32722518
32332700
32848846
32183214
32922390
32069830
32629957
31855576
32477489
32251281
32754380
32450674
32051400
32801639
32245975
32429368
32927611
32424294
31641240
32050753
32312965
32071715
32029741
32942535
32393742
32212793
32513933
32158598
32385241
31669531
31907195
32377203
32318242
32295216
32095097
31901729
32793494
32929326
32441887
32678829
32398673
32182234
31943575
31922231
31882548
31871154
31810119
32051732
32291856
31892549
31694944
32620163
32102482
32127478
32029722
31978092
31937294
31868960
31837949
31789401
30268784
32675195
32626733
32365083
31923252
31690671
32059667
32517101
32903830
32826870
32204484
32111816
31819174
32585766
32763229
32033220
31921440
32308771
32824801
32316166
32034120
32381177
32488123
32039173
32007657
32314558
32637060
31985951
32850156
32594050
32085614
31974591
30872159
32849955
32840209
32457623
32318339
32153361
32041105
32024199
32826869
32677906
31996725
32705218
32508840
32352631
32054887
31936109
31864009
32922522
32913444
32810738
32797049
32541677
32316192
32290067
32116697
32085494
31991834
32045365
31958270
32635502
32793233
32587330
32409664
32695118
32294904
32139163
32114023
31676238
32433959
32165826
31823504
32542148
32788872
31904582
32593127
32308692
31605792
32764580
32155825
32278210
32745907
32123584
32937841
32931582
32051288
32419796
32694702
32818166
32351887
32321302
31791731
32743345
32095185
32790171
32669563
32398756
32929878
32927273
32814070
32699236
32671070
32903535
32155848
32255766
32183548
32569693
32690996
31974382
32893980
32534340
32540858
32559217
32518635
32366942
32160546
31796433
31770533
32866827
32491819
32160904
32660081
32581721
32366274
32714471
31958767
32850811
31527709
32426298
32194943
32831996
32623836
32164651
32632141
32202341
32782491
32106364
31983907
32719312
32051401
32009903
31922240
31988296
32560352
32481602
32019283
32802195
32671067
32325975
32606339
32796818
32184796
32644612
31335082
32670026
32737284
32274326
32758348
32051397
32256338
32784049
32714545
32397306
32317968
32258937
32146827
32963742
31929740
32158596
32873759
32150096
32587390
32963812
32554929
32244920
32093269
31903150
32855279
32664888
32526845
32826878
32751884
32715644
32490327
31901590
31760064
32792521
32591507
32581235
32214804
32053595
32007713
31312993
31949141
32371889
32146539
31932482
31778258
31757742
31694904
32614890
32342201
32111836
31927051
31911608
31866467
31719098
31977138
32687504
32391602
32080097
32028184
31882552
31650732
32082337
32194311
32655497
31334949
32117595
32873156
32542127
32549409
32467587
32164182
31989791
31942696
32782615
32041347
32015396
32878230
32106370
32373205
31968657
32164385
32201536
32848135
32300147
31844270
32266130
32898250
30020593
32681018
32923762
31776267
32765225
32327630
32188888
32438737
32397168
32397640
32127533
31772298
32272509
32656189
32867768
31981446
32647111
32104285
31707343
32630281
32392774
32150794
32282861
32514048
32419811
32161904
32708048
32175920
32195018
32899456
32641054
32934889
32131492
32617112
32569289
32175502
32455811
32724391
32055742
32823952
32782249
32414898
31641008
32002015
32444644
32193368
31606566
32695182
32351883
32809740
32205843
32549758
32555717
32302339
32140530
32304268
32054506
32823904
32686724
32952650
32276430
32899506
32303674
31989025
32912922
32887027
32392905
32194834
32825675
32749766
32735909
32576716
32456290
32737285
32668144
32848555
32225171
32499922
32726914
32349403
32642419
32625108
32522918
32516304
32508827
32547788
32001670
32446887
32164359
32963627
32071292
32047152
32255263
32708883
32512647
32194854
32029703
31739654
31936195
32488056
32273810
32295288
32925922
32640215
32595603
32751172
32690667
32357366
32678233
32576443
32825644
32793595
32123157
32041941
31998699
31853006
32284756
32343512
32878101
32731916
32634741
32237074
31699827
32632204
31936679
32350591
32027975
32509087
32507798
32188144
32586358
32398094
32539694
32683422
32521882
32661474
32536835
32470639
32131463
32169822
32724417
32397135
32062794
32824877
31828969
32545865
32670826
31532537
32726689
31756560
32446712
31250033
32572174
32796819
32531676
32723363
32363002
32015362
32636623
32820178
32374842
32210552
32103006
31991041
32157565
31644929
32308384
32097436
32047033
31937780
31900393
31776277
31629932
32184591
32843618
32426037
32314495
32186675
32128917
31882478
32709856
32667929
32182965
31232177
32439936
32178474
32590737
32393780
32327659
32021181
32376880
32689954
32350592
32677169
32728528
32811810
32487743
32227409
32765218
32860954
32161221
32111101
32733237
32152275
32663380
32345994
32354013
32637376
32859740
32817395
32350076
32582187
32295623
31959747
32477326
32612533
32775368
32447342
32825620
32846120
32560521
31578273
32402278
32046712
32672418
32331311
31719057
32714289
32928261
32377306
32041258
32933048
32005954
32039207
32849736
32847982
32331368
31969556
32015347
32252790
32923155
31896795
31764175
32793211
32199617
32944155
32863218
31968247
32531881
32667520
32850836
32317927
32681092
32411609
31712727
32257323
32344655
32209729
32070007
32149732
32103870
32013228
32923630
32617141
32172729
31422157
32796711
31841007
32366053
31211869
32138264
31647602
31959190
32154187
32489469
32508766
32372941
32512822
32231201
31710197
32582084
32019239
32652004
32882814
32824023
32694752
32622323
32518546
32011450
32826849
31978714
32377322
32626657
32896720
32719369
32733876
32657011
32703189
32671064
32454760
32154253
32630488
32968740
32746878
32094323
31889816
32110098
32900861
32626957
31941974
32383545
32272655
32768969
32174827
32372945
32175320
32461216
32721876
32513983
32410941
32788875
32612680
32425742
32612006
32763821
32521892
32274388
32714317
32028754
31127201
32811821
32683319
32635587
32117353
32756468
32256636
32327486
32937950
31988495
31963413
32300103
32277618
32765947
32508007
32882870
32691370
32594048
32509140
32395368
32162852
32015321
31843962
32245106
32574969
32554618
32823598
32014690
31969557
32811746
32076409
32637426
32670221
32242002
31949130
32867178
31597135
32317628
32491513
32884390
32779962
31907355
32948651
32316508
32801314
32695218
32513939
31956266
31554935
32872332
32590803
32523341
32378752
31726874
31820782
31723000
32784433
32469170
32110010
31994822
32854430
32433716
32043596
31723084
31984860
32158355
32525231
32021171
31960547
32790855
32232883
31914150
32185173
31942190
31904339
32606386
32565796
32300639
31093811
32873240
31591471
32849744
32954132
32293453
32609446
32086984
32411804
31611248
31902928
32642406
32545285
32457291
32361681
32296021
32898645
32289863
31930538
32963811
32708654
32513985
32204530
32560384
32386527
32346333
32850636
32726778
32656078
32393751
32053888
32038537
32826885
32066462
32883343
32582112
32360551
32324593
32226504
32196909
31974344
32943607
32258289
32490600
32635295
32489980
32859929
32551381
32473487
31541179
32368861
32913031
32114502
32323922
31887632
32326222
32433713
32179688
32760603
32373489
32455560
32763973
32635984
31919413
32934765
32392177
32376803
32349374
32123862
32774302
32587236
32280046
32784474
32592366
32953750
32803840
32238758
32755579
32754601
32391359
32075953
32694556
32509390
32368502
32224969
31737985
32922496
32523651
32242064
32226547
32160908
32121220
32826866
32533513
32468878
32244187
31940951
32943617
32728596
32625051
32416267
32368396
31951974
32943877
32878882
32752894
32181410
32038715
32010620
32420148
32953481
32571920
32555223
32521922
32521844
32670816
32173363
32732872
32330868
31513293
32196516
32848130
32643323
32637621
32235559
32182066
32152420
32579941
32021291
32071306
32864618
32854418
32675052
32566255
32493993
32203909
31897243
32952552
32098914
32863964
32752097
32415088
32322205
31203720
32801894
31729155
31065106
32935109
32393755
32144141
31963524
32503949
32774259
32669949
32396745
32369918
32310442
32047674
32582698
32144236
32366879
32517178
32187491
32659380
32319658
31243342
32395289
32121063
32801826
32340102
32581704
32328066
32150979
32197352
32377003
32854851
32848773
32848751
32708025
32607093
32606298
32205847
32149255
32839443
32524008
32488007
32190548
32071927
32850424
32849313
32791396
32774303
32620198
32038693
32661115
32048768
32914580
32824780
32450789
32859800
32733194
32668228
32492786
31956807
31641241
32953980
32753609
32718090
32638523
32188841
32351443
32260097
32397616
32033118
32616706
32269215
32497971
32679716
32269719
32123583
32774695
32116794
32443448
32440327
32670887
32513270
32831993
32707662
31926629
32292717
32857802
32280223
32106523
32085516
32754123
32765253
32670550
32365838
32231131
32150849
32025210
32280872
32599852
32513911
32489294
32396749
32236619
32190079
32152554
32048054
31769213
32560478
32908729
32829375
32766575
32362612
32019108
31979408
32898245
32365833
32258004
32190658
31991893
31940915
31909500
32963613
32477351
31535642
32429996
32587591
32272719
32293262
32204446
32219700
32770055
32497081
32179094
32409317
32854372
32630218
32521879
32183420
32070881
32003759
31859425
31823871
32922440
32121012
32481565
32332713
32755587
32548098
32351714
32410999
32393810
32146252
32047487
32523894
32856880
32470040
31980961
32733889
32494159
31217501
32860495
32732359
32695292
32277652
31544708
32637606
31659279
32685102
32676087
32636466
32596239
32583004
32575848
32404870
32328462
32913905
32606289
32411700
32296398
32211101
32516941
32511721
32448798
32630668
32570749
32252252
32812900
32211404
32182899
31998057
32606951
31850658
32071296
31941841
32430842
32922229
31238788
32779439
32362626
32222473
32899699
32848701
31919348
32521858
32686562
32145586
32050697
32806566
32265649
32486019
32905508
32645961
32571890
32457332
32431618
32309347
32106752
32013251
31576928
32708895
32435452
31924597
32879834
32587264
32555150
32482939
32326075
31641239
32134743
31973203
32477956
32248711
32141538
32134564
32120776
32098830
32766303
32801350
32581252
32483272
32318575
32149078
32004866
32824523
32709881
32875727
32518774
32327636
32034313
31940839
32850441
32765864
32695127
32193001
31209365
32322588
32029590
32676027
32079274
32756436
32567582
31217414
32445174
32094063
32630474
32456284
32780516
32075801
32817069
32640539
32561292
32517311
32060053
32769013
32156782
32391356
32139432
32066800
31952292
32788915
32013255
32489578
32195185
32085431
32547574
32913557
32315348
32027620
31520078
32366831
32783936
32630154
31843799
32655662
32266096
32058215
32299365
32231246
32017708
32341353
32185103
32730777
32455976
32781788
32210675
32722441
32737620
32642331
32627001
32550010
32104004
31999645
31988307
31947967
32733246
32719412
32655761
32630842
32513926
32429346
32292393
32116698
32047790
31947708
32715295
32489701
32257888
32182802
32850835
32796815
32731567
32513988
32429493
32395074
32332718
32071363
31947769
31911576
32678135
32508446
32788571
32581844
32708855
32922599
32903868
32843642
32810382
32670825
32566127
32486343
32391286
32241283
32010831
32005898
32002124
31881122
32528400
32732922
32832750
32566026
32392914
32358484
32319589
32313012
32277654
32245391
32110860
32070874
31843998
32796816
32484788
32382030
32168890
31209362
32646417
32513686
32307944
32424065
32513915
32277640
32468013
32363119
32714412
32659106
32210242
32156725
31579944
31858380
32655582
31626846
32735620
32413098
31932422
32717030
32708667
32561752
32541866
32277638
32187546
31666684
31197235
32772181
32717895
32695124
32634130
32566844
32210806
32194863
32017790
31974368
31967634
32669658
32604944
32720471
32647134
32575506
32555190
32413278
32386596
32023866
29249301
32093180
32793190
32760400
32700975
32536347
32377193
32158621
32092941
31691481
31209267
32670562
32514068
32181249
31906595
31760267
32380745
31515527
32824462
32471261
32362999
32182776
31730267
32642704
32504923
32485571
32312711
32211095
32941674
29493944
32232903
32754274
32709847
32085441
31988284
32948783
32341358
32521867
31600172
32414588
32609436
32934878
32832444
32741906
32313205
32165701
32140260
32082148
32076403
32015330
32848594
32566413
32377395
32373052
32368394
32188164
32051394
32714542
32327637
32678076
32205839
31963147
32705666
31907361
32731450
32626969
32420339
32244269
32157127
32079107
32075281
31897173
31669238
32461347
32028070
32503950
32281441
32046055
32041867
32547883
32309695
32235767
32453797
32179633
31645447
32393784
32907551
31971978
32635549
32879421
32599823
32094301
32922654
32764426
32323808
32190086
32182837
32472021
32075731
32814815
32796747
32316246
32041942
31935210
32394008
32886754
32475430
32183240
31744878
32811814
32341451
31963704
31733348
32364678
32869025
32806679
32898195
32550908
31412335
32817129
32737339
32632107
32380730
32106366
32938713
32424179
32630634
32232194
32209732
32178479
32724116
32630523
32503218
32131498
32788474
32494163
32466131
32415058
32366833
32200094
32155938
32668665
32555189
32512736
32397665
32351712
32242818
32214273
32195376
32849590
32560122
32647147
32038604
32823814
32606957
32671201
32605008
32660035
32438553
32286343
32703972
32457754
32245950
32161620
32187959
31947766
32277531
32321471
32067682
31996766
31926626
32724121
32628709
32594052
32150886
32144238
32114384
32080166
32457755
32425799
32082304
32884006
32707923
32644043
32226313
32922009
32157792
32318976
32695112
31296577
32884912
32732957
32675150
32440312
32357550
32345775
32183225
32106443
32952872
32901009
32211521
32526949
32335811
32332801
32244304
32205842
31957813
31937775
32589144
32414101
32826868
32817133
32528294
32954120
32620165
32600419
31811640
32847617
32764610
32694895
32528896
32269776
32065959
32009094
32751249
32601079
32358523
32859058
32560274
32152280
32733795
32917321
32870487
32708794
32606370
32523953
32346427
32265930
32080168
32033130
31998952
31992262
31963714
31935947
32719324
32457851
32879652
32705205
32224555
32205857
32165998
32117585
32021440
32013014
31180799
32825598
32424109
32811515
32802408
32774769
32728069
32672077
32647649
32512657
32500073
32456125
32332697
32269221
32210814
32184381
32179769
32074940
32010614
32919370
32467514
31828513
32826856
32810740
32754041
32751530
32697303
32678153
32522976
32470748
32190557
31922260
31853313
32781854
32300102
32922961
32081986
32448804
32553626
32440550
31919341
32512726
32038060
32299488
32848624
32422890
32266092
32002123
31866374
32231733
32872414
32801299
32296256
32050662
31804607
32554615
32529780
32856858
32733474
32641713
32592373
32468004
32427575
32335580
32231565
32215056
31990689
31907353
32923141
32709857
32064160
31963684
32536910
32382017
32283523
32038583
32830561
32630122
32533048
32415085
32210221
31981296
31570856
32944180
32371886
32488092
31772077
32297484
32900953
32774773
32398958
32382077
32308745
32303682
32290299
32255671
32218812
32041944
32010128
31685430
32926125
32244543
32004973
32141561
32742992
32784663
32708719
32699205
32661227
32580504
32365555
32344908
32039189
31993061
31728016
31114027
32184790
32830112
32111670
32612138
32116670
32021188
32515732
32145469
32865367
32934877
32664312
32231579
31936675
32712554
32595981
32152351
32216835
32079617
32776015
31286289
32209603
32747469
32669536
32521857
32329414
31952182
32774360
32269680
31187921
32927646
32826876
32802265
32582690
32484460
32188755
32154170
32642003
32398969
31959743
32278282
32872152
32814767
32180816
32009891
31125598
32874465
32826858
32765953
32764978
32719605
32678251
32674269
32602470
32438105
32402576
32373422
32341879
32277633
32265858
32196546
32186778
32185754
32184395
32174788
32129747
32092859
32044416
31992982
31564684
32587237
32060354
31665509
32863221
32775198
32765474
32751228
32724729
32547566
32527986
32457608
32435455
32392918
32210795
32205841
32079324
31959744
31887526
31495300
32948031
32555216
32482590
32002307
32036033
32878267
32854236
32817381
32744596
32709853
32704088
32685802
32564463
32528945
32382013
32380139
32370072
32219413
32051289
32030896
31997797
31852850
31127199
32513952
32437379
32863237
32781424
32652469
32585931
32528730
32484805
32457789
32443488
32372896
32318018
32235300
32226647
32201765
32158718
32127570
32047478
31969891
31605507
32770070
32341354
31875578
32839434
32392755
32085544
32948742
32180815
32941515
32326519
32210956
32328060
32426177
32365629
32700751
32480039
32001695
31959763
31769920
32731416
31721534
32722224
32784671
32578965
32354116
32046095
31936835
32479254
31966081
31942077
32461344
31449902
32426052
31445190
32426239
32419317
31971988
31811908
32737294
32252611
31998441
32776944
32872665
32366033
32106858
31903111
32850008
32424132
32766588
32698887
32393791
32332708
32276581
32259417
32110947
32943464
32818074
32170906
32847022
32821342
32576183
32397376
32055596
32932933
32680999
32181145
32015336
31705860
32707889
32287270
32219063
32194569
31974372
32591370
32486034
32043699
32939142
32879784
32850822
32760111
32635387
32558055
32393373
32233637
32218993
32143322
32042309
32024211
32016451
31979298
31956759
32855848
32745353
32366890
31969560
32913473
32785677
32719607
32655137
32459082
32234664
32226417
32205851
32183740
32142141
32039918
32010608
32024814
32017764
31949128
32832007
32760721
32698545
32483521
32483123
32373755
32351715
32330539
32297489
32292407
32258944
32161448
32054840
31973183
31217502
32071294
31998445
32832254
32784579
32719383
32661238
32655893
32637366
32635556
32513919
32499518
32375238
32351549
32303684
32201219
32195318
32106039
32102190
32012953
31542563
32371945
32719361
32708709
32695478
32560261
32528902
32350244
32331392
32299660
32280590
32204733
32114501
32018275
31641243
32335915
32204401
32922477
32590943
32575472
32551224
32486514
32375296
32368566
32317622
31919522
31804619
32102992
32051286
32751383
32581534
32393761
32096265
32005149
31973201
31907350
31740788
32527012
31758636
31685980
32719347
32301504
32637591
32606327
32555172
32547587
32498432
32399188
32373522
32192047
32116552
32089766
31906582
32088771
31993913
32807842
32021178
32863271
32376574
32007102
31936623
32029587
31943525
32927889
32517461
32064335
32753543
32724880
32213959
31881506
31990684
32123160
31974355
32232155
32123493
32363124
31990955
32378287
32650830
31993929
31957939
32001504
32513151
32905142
32855383
32809300
32528988
32513922
32513914
32033013
31982775
32796812
32792482
32612149
32606755
32508058
32397562
32368040
32312975
31757836
32934224
32778058
32795297
32733020
32539229
32448802
32447346
32393782
32131547
32770108
32607285
32868786
32550011
32295064
32424151
32899914
32641693
32545311
32432738
32403276
32393338
32058213
31930958
31957323
31949126
32874134
31626379
32589350
31690670
32296020
32499530
32411241
32312889
31881375
32521504
32595984
32499533
32012692
31988275
32411711
30115410
32758571
32617460
31966052
32884840
32118048
31896065
32653014
32132869
32647675
32549761
32640237
32614360
32294530
31828967
32631404
32864427
32850889
32826317
32793396
32747449
32733193
32671216
32641711
32560393
32475920
32474539
32355481
32343679
32195387
32131519
32111764
32089644
32075105
32071288
32034119
32029701
31848313
32612123
32456597
32235439
32913848
32858529
32849278
32630319
32560695
32429495
32399578
32395078
32354880
32265986
32247076
32229803
32194562
32185160
32148394
32094325
31979369
31963603
31735300
31494725
31967294
32873816
32826848
32764698
32759268
32724737
32709848
32628344
32528728
32526757
32511893
32509751
32457290
32390638
32377394
32355207
32326576
32320383
32308647
32289749
32268477
32127514
32106368
31963891
31960800
32655777
32601294
31862958
32731591
32269214
32591993
32463364
32332707
32002017
32008854
32922594
32887360
32823815
32774776
32770144
32575884
32566254
32518230
32468000
32373458
32351391
32306898
32303676
32183301
32132583
32029706
32952625
32934857
32853910
32763974
32665972
31774224
32756427
32748866
32432053
32393764
32322590
32303613
32001672
32778161
32719331
32393182
32183146
31789394
31332295
31762164
32395219
32018052
32952568
32076273
31974367
32827678
32675222
32155826
32874597
32659912
31945125
31445004
32057515
32160543
32015231
32532953
32418051
32353599
32041818
32728392
32604743
32224940
31958486
32531190
32904373
32826865
32599705
32454942
32429395
32341359
32163286
32123164
32121287
31979082
32533099
32382053
32859985
32377304
32332865
32332698
32195035
32194865
32382040
32106377
31680420
32770608
32731574
32719345
32688248
32571993
32399049
32302948
32290231
32245152
32103936
30946891
31988297
31899582
32544190
31884567
32705184
32427098
32366836
32341383
32194369
32184595
32089660
32080178
32369692
32707871
32658986
32393737
32369920
32316571
32204400
32109347
32079339
32060587
32047275
32023247
32013038
31760358
32788916
32751461
32266091
32826862
32807788
32774675
32439850
32394602
32273886
32251387
32218782
32210928
32063886
31941968
32461135
32306810
32303675
32239597
32884834
32818234
32801343
32636724
32612115
32424251
32389297
32127528
32064049
32051864
32017711
32015326
31998636
31568632
32111819
32821084
32780726
32708634
32685089
32668775
32587256
32544096
32508013
32303680
32290199
32024208
31924750
31679183
30020666
32029842
31976379
32003125
32410622
32368076
32283819
32511241
32187978
32528249
32703935
32586284
32427887
31812555
31992715
32087737
32900863
32867359
32627816
32327714
32326384
32322334
31073076
32703936
32382056
32323860
32244996
32211408
32051399
32618215
32550001
32370022
32127525
32490141
32409702
32733636
31959742
32943613
32935120
32051396
32655895
32036071
32043775
32179092
32420343
32406541
32076650
31819159
32195354
32234642
32878065
32180561
31645677
32290812
32255189
32321065
32800657
32139668
32822758
32320683
31964742
32606601
32561638
32824977
32788235
32248823
32411316
32451402
31715081
31704808
32601199
32527928
32123346
32849537
32330205
32366893
32303618
32773012
32398664
32260165
32627386
32570235
32435511
32461994
32554612
32911681
32751160
32545695
32432111
32668623
32528470
32256114
32026316
32393769
31955503
32796817
32283767
32581054
32128355
32899132
32793596
31936263
32934874
32765949
32759884
32711469
32558075
32524776
32499873
32457638
32430039
32415207
32413960
32380704
32260554
32194844
32180741
32161734
32148416
32098197
32062456
31953438
31902793
31726479
32625049
31942020
31719651
32843494
32646345
32606760
32582297
32410864
32374082
32370102
32308993
32265949
32194589
32190819
32110930
32075145
32029719
32009942
32001669
31908577
32414008
31808707
32934285
32867343
32850380
32765507
32762233
32587976
32527735
32513129
32486314
32440479
32424108
32398964
32393269
32355441
32300109
32274219
32251270
32180814
32164398
32015327
31959914
31952359
31940998
32732287
31969558
32606304
32527996
32703938
32371868
32351292
32154243
31963203
32286266
32893253
32823596
32782329
32732865
32669858
32661060
32581062
32377397
32369449
32341332
32257891
32222474
32173702
32048098
32046188
32035284
32010340
31981449
31974345
31907354
31691131
32938906
32866177
32111246
32532962
32382041
32733026
32636705
32320427
32774424
32642294
31979093
32195026
32566088
32561664
32377393
32327991
32152291
31974341
32863216
32814763
32792503
32757664
32647151
32638512
32552822
32471461
32251289
32160211
32049805
31998655
31957170
31940973
31906900
32453741
32587240
32426354
32415173
32377162
32333642
32033960
31334878
32936826
32205862
32415082
32170090
32824343
31263175
32959998
32455637
32539182
32355560
32868392
32024193
32034661
32005247
32707816
32655141
32438691
32152403
32077463
32928237
32867814
32776417
32473993
32429240
32117271
32933003
32879843
32859743
32709873
31740790
31494458
32767829
32641718
32341349
32244882
31974349
31902115
32457423
31940587
32826863
32811812
32722568
32686726
32566253
32495467
32467316
32434419
32393312
32390849
32341357
32327666
32295272
32235829
32165157
32141475
32015333
31744894
31332669
32915979
32796811
32664214
32612536
32415087
32414861
32271165
32123165
32081971
31337872
32585857
32929051
32825423
32801294
32748871
32736677
32545368
32503220
32326317
32212044
32174842
32040524
31959741
32883277
32753702
32579303
32523934
32509197
32445196
32366047
32306920
32265434
32218813
32121290
32098321
32065521
31956475
31432739
32179740
32770579
32967329
32379397
32686362
32335213
31907392
32492968
32151061
32600304
32591432
32313199
32326191
32075223
32683420
32332867
32269612
32211283
32231200
31924127
32793594
32574191
31949131
31768017
32690772
31855578
32328702
32321588
32764382
31937877
31659257
32705238
32502463
32483145
32397415
32299194
32002365
31776611
32655277
32114498
32084135
32951003
32021268
31670387
32164337
32586165
32616555
31995754
32473614
32270042
31926548
31731101
32559583
31822519
32152266
31655294
32133246
32231996
32516967
32849352
32824600
32703939
32234009
32221018
31907363
32900655
32898249
32771067
32728410
32606352
32545395
32493491
32435510
32276405
32055013
32024815
32111818
32707672
32705173
32182943
32123579
32045477
31856386
32968439
31659282
32315725
32175374
32541902
32407987
32251287
31885126
32381069
32872275
32392840
32191635
32051246
32439941
32344256
32820148
32818075
32742497
32178397
32923698
32863941
32566584
32007910
32005716
31844184
32963547
32814766
32784532
32110852
32396580
31990532
32331446
32523019
32162798
32080348
32667922
32488108
32858893
32762689
32759981
32665850
32536905
32499495
32382038
32382015
32377742
32246643
32210097
32205856
32071307
31907001
31802037
31195778
32968488
32640900
32610494
32423044
31782885
32848140
32732864
32632138
32587357
32532961
32516130
32466552
32456061
32432571
32352035
32290562
32289721
32244588
32239625
32188840
32154394
32029710
32029708
31952347
31907347
32963745
32742256
32467578
32312970
32257391
31506606
32939323
32825174
32806665
32702928
32630069
32518214
32487998
32455628
32429598
32410997
32257991
32140158
32128354
32121537
32117591
32117449
31928299
31383984
32826883
32704067
32075954
32024292
32923066
32903546
32868492
32862199
32850387
32820147
32703934
32699213
32694519
32591618
32518694
32499777
32429304
32410829
32405351
32276637
32276473
32043797
31974340
31955154
31160717
32796833
32460314
32132570
32397145
32703306
32358564
32726470
32315033
32313144
32273493
31882561
31582537
32382008
31869209
32784216
32449085
32443356
32390373
32377349
32345374
32325652
32259048
32079108
31358914
31123034
32390802
32327627
32244303
32923151
32811815
32714569
32699178
32665902
32655547
32353965
32296028
32107408
32094334
32001671
31974361
31932577
32963703
32824961
32632306
32575908
31896781
32727138
32709878
32071280
32764384
32606053
32493400
32426051
32274176
32226478
32040783
31936510
32829384
31884793
32776975
32042311
31806641
32764667
32681069
32528070
32358527
32316340
32280338
32265437
32222965
32015322
31959773
32913183
32905883
32923134
32669116
32587255
32433961
32192052
32161176
31925927
32774677
32754286
32714980
32665543
32555282
32249819
32145913
32116675
32015340
31968249
31504727
31462126
32951005
32375085
32303681
32375753
32053901
32021836
32547658
32220711
31879345
32733814
32665011
32753888
32855620
32169097
32630700
32319726
32842536
32104537
31204559
31974373
31963866
32213627
32461578
32076073
31988233
32291904
32448225
32401800
32868393
32277944
32591511
32580379
32303615
32170115
32713735
32566099
32350708
32340192
32276671
32272660
32081857
32075692
32657027
32642716
32414345
32264921
32179514
32152268
31908904
32848141
32819975
32498332
32398681
32312959
32283677
32123166
31707116
31670434
32912923
32366230
32244823
31941907
32759233
31980595
32839427
32824643
32749090
32493926
32553646
32770099
32732916
32650505
32632098
32316275
32094348
31907357
31827241
32926495
32678080
32581212
32541827
32391052
32339200
32238472
32184393
32042099
30909785
31515511
32532964
32446120
32330587
32080167
30799549
32310387
32685099
32848609
32420017
32057764
32653627
32481540
32838776
32778095
32187954
32000762
32683421
32448129
31291718
31796506
32840480
32466293
32509168
32918543
32399275
32163428
32793397
32552802
32550898
32499535
32332696
32107878
31932581
32585748
32575351
32536938
32532960
32456282
32455134
32434556
32332857
32283772
32198113
32105057
32095352
31903156
31285544
32303612
32811806
32587254
32532957
32448367
32353634
32043462
31186534
32707907
32439839
32509779
32814771
32430866
32242003
32737283
32051393
32799890
32792514
32646060
32641688
32595697
32478673
32466301
32382012
32076009
32029822
31734455
32879077
32690860
32371459
32235738
31563973
32327629
32440213
32768884
32734509
32722492
32703987
32332711
32326210
32314083
32209602
32204392
32081881
32002519
31988283
31869420
31719260
31696578
32891711
31940975
32847985
32676564
32637058
32630796
32630411
32486357
32484462
32472005
32456088
32403344
32351244
32271843
31947592
31641242
32823271
32732866
32526631
32071300
32753468
32879321
32816355
32748834
32699206
32652470
32631232
32580291
32499805
32483121
32417449
32409648
32371936
32306292
32093220
32033211
32021098
32332705
31932578
32896947
32846973
32760210
32725437
32695477
32581801
32579795
32528729
32380290
32365506
32357563
32222467
32199332
32051395
31924749
32181368
31793427
32743161
32375278
31949500
32665550
32513263
32102991
32752583
31944570
32832623
32811872
32513388
32194742
32443064
32486493
32368693
32350204
32301222
32847613
32858235
32655894
32371529
32365462
32189078
32071291
31907878
32811808
32612606
32355189
32826874
32698872
32513969
32100973
31958521
31708097
32865339
32859886
32668240
32601333
32566085
32508812
32469926
32414040
32325698
32231202
32230919
32155954
32139667
31959697
32963697
32934212
32298841
31903153
32397263
32824689
32143690
31406304
32546700
32368046
31882403
32847115
32707876
32641118
32624316
32485960
32457041
32365878
32329582
32257390
31936346
31863258
32873775
32316236
32860290
32686662
32485974
32439975
32238469
32821059
32015486
32015323
31935927
31927215
32492530
32477934
32257389
32069307
32774805
31830245
32792843
32899334
32200666
31654035
32209183
31970174
32676356
31942188
32874950
32499913
32764479
32225125
32580317
32647142
32276424
31285546
32641734
32351687
32314529
32194991
31209361
32825760
32883316
32686661
32471991
32438631
32403427
32249803
31889185
31876399
32500952
32817393
32811811
32685228
32427900
32382778
32246005
32034125
31243343
32422879
31511651
32767741
31863069
32856616
32801339
32759499
32708639
32636238
32308772
32266064
32106859
31952318
32403399
32350346
32185892
32075253
32601166
32190754
32411621
32914070
31848032
32508809
32393776
32660544
32884005
32804079
32802407
32787374
32680850
32651355
32632129
32541691
32501411
32457294
32384084
32318066
32267092
32244268
32165288
32154283
32123578
32122376
32038563
31505326
31488891
31209364
32863233
32679768
32678075
32219156
32194849
32076076
32025205
31969156
31879843
32814707
32577235
32365111
32194992
32787872
32457292
32305006
31923917
31988091
31900242
32937957
32851082
32770064
32582192
32528037
32351559
32326478
32317676
32188842
32094322
32059355
32054457
31964700
32947888
32179779
32066648
32717964
32620748
32541811
32332880
32265330
32337072
31973059
32878648
32802131
32796824
32788892
32727369
32590037
32555451
32414157
32349336
32315334
32308713
32210094
32162820
32058078
32041907
31991249
31924596
31901727
31356876
31123028
30874791
32963808
32703968
32629423
32152416
32410869
32349284
32520923
32322253
32420081
32211263
32321992
32708397
30252273
32848131
32714570
32820157
32127037
32444628
32408543
31693178
32068117
32733893
32642232
32848579
32033266
32752099
32726482
32258256
32508056
32565925
32853215
32784778
32884539
32847023
29494065
32680464
32470138
32579912
28722880
32266635
32824016
32483441
32850435
32782452
32695119
32695663
32566025
32704568
32826850
32821437
32555186
32550012
32492941
32332709
32139669
32077636
31974400
31918715
32286254
31301076
32661222
32554608
32550900
32514012
32488024
32455139
32366306
32184441
31907362
32792479
32170056
32821399
32801300
32792500
32784741
32703944
32612120
32566104
32404916
32375699
32347017
32069989
32051018
32019910
31671298
32300347
32897371
32690018
32650839
32647291
32555166
32366293
32349664
32295162
32295117
32143295
32139670
32079180
31947643
31742928
31285545
32203172
31570854
32038029
32909947
32684990
32381551
32201234
32825724
32439916
32691523
32235674
32951004
32521255
32142505
32093300
31908356
32203532
32358581
32395276
31942198
32320754
32570793
32543797
32371858
32460029
32823731
32659892
32455923
32382005
32327633
31924407
31802036
32953525
32409654
32917927
32916960
32839509
32581314
32286274
32209185
32053908
31945494
32198344
31821665
32811824
32151278
32123577
31907349
32063604
31954371
32796813
32755565
32514049
32417134
32139351
32094511
32004580
31778016
32796841
32029721
32652471
32938907
31184563
32939232
32824929
32826884
32796834
32702223
32546789
32494659
32415059
32332879
32300196
32127612
32719006
32872746
32645907
32596106
32566257
32537026
32439852
32384426
32332706
31992690
31907356
31894851
31843453
32904118
32854415
32826321
32792495
32709922
32616023
32580382
32549256
32439835
32410851
32297948
32273259
32209691
32144252
32131763
32128389
32108135
32029735
32024980
31969559
31906502
31278208
31101885
32911880
32165613
32102185
31992771
32820146
32683410
32661236
32640751
32587467
32585840
32410662
32393740
32382069
32238799
32204562
32182953
32172672
32040481
31990894
31980695
32449240
32158266
32339566
32320668
32708748
32363317
32071275
32178978
30571050
32154192
32850419
32282833
32922311
28722902
32272501
32028987
32504039
32060401
32579115
32103177
32054850
32726920
32321531
32273947
32249776
32732965
32705787
32619350
32597755
32587258
32345958
32170107
31979114
31949132
32577681
32086366
31320749
32371982
29083699
31730232
32455963
32281946
32773010
32079471
32782533
32582708
32595466
32798661
32826880
32599583
31582531
32283585
32819974
32369650
32885282
32867046
32577373
31823869
32952610
31987043
32376263
32117443
32548551
31766836
31759134
32800028
32291573
32895405
32118321
31933275
31936329
32858856
32821439
32642136
32366862
32332695
32328292
32244957
32206082
32152265
32094510
32019597
31932378
31927936
31669069
32376724
32214796
32938669
32860664
32820150
32814762
32792505
32733590
32626781
32605291
32541667
32466498
32393744
32382019
32366856
32344065
31713613
32667921
32811805
32606310
32397266
32366892
32260310
32230970
32051255
31996667
32479514
32312953
31570855
31900341
32912337
32883957
32708710
32708154
32380958
32244168
32127288
32123163
32102182
32094347
32036223
31991768
31979105
31900229
31859514
31821933
31512556
32753526
32353324
32322173
31123029
32503336
32612177
31963760
32292409
32774054
32754543
32209890
32110004
32156137
32970753
32718046
32180605
31483076
31902745
31942178
32683314
32853030
32599695
32545595
32792564
32045109
32185124
32211213
32558259
32483460
32224979
31296961
32920594
32801338
32784936
32814765
32703933
32290412
32269211
32231199
32028642
32001673
31645662
32606052
31731196
32661334
32532840
32503845
32467234
32432106
32340207
32202636
32069893
31385474
32891167
32839432
32587091
32583573
32527862
32393790
32341347
32223388
31843642
31591472
32605589
32341333
32317619
32662684
32720697
32883870
32780273
32668516
32161961
31914391
32864635
32792499
32686688
32366855
32330574
32232156
32072024
32366037
32290082
32238802
32545910
32150668
32341351
32123582
31959918
32950945
32366840
32024968
32635291
32231646
32348468
32457882
32257791
32378605
31925985
32509862
32432547
32499912
32344610
32366868
31409894
32934219
31907020
32310512
32477254
32553208
32885164
32703937
32679873
32641681
32611752
32604872
32580338
32429078
32327487
32034133
32799888
32719429
32646072
32183239
32107468
31958916
31127200
32074399
32473124
32879301
32826853
32787853
32759757
32704020
32703932
32560730
32514016
32487989
32444604
32344916
32332704
32312957
32259264
32235836
31296963
31114028
32911595
32854299
32829380
32819448
32753544
32719388
32561739
32519067
32483154
32310340
32244787
32161146
31746121
32944686
32647118
31949129
31762209
31511340
32874081
32934708
32933034
32826854
32814773
32732881
32466233
32450532
32438702
32366932
32160330
32075608
31969555
31796886
31701696
31437444
32474528
31937250
32457286
31998373
32308585
32461845
31669361
32864514
32884594
31966071
32541687
32655822
32350415
31672770
32194989
32604984
32464547
32492969
32457618
32637575
32670084
32809579
32754598
31998698
32831928
32759702
32302351
31881201
32046336
32245016
32599736
32117973
32339606
31340060
31989061
32102134
32606933
32051381
31963820
32727701
32340691
32059683
32485117
32579769
30137862
31179483
32449268
32420463
32661118
32269805
32316916
32236615
32738512
32705266
32692398
32641749
32554614
32433544
32103170
32155707
32873215
32246052
32218276
32696549
32197448
32784654
32334548
32843666
32567210
32820145
32509271
31810826
32586767
32606739
32106639
32884988
31394934
32409685
32037305
32892748
32441764
31984667
32176725
32923626
32859276
32466308
31796520
32265228
32923976
32953498
32650558
32604880
32393760
32313029
31992777
32702797
31935894
32232352
32664318
32076583
32656500
32470051
31801317
32166424
32121523
32742998
32599499
32751182
32463355
30951392
32937754
32206744
32953655
32292421
32695674
31746416
32196576
32670021
32061269
32548177
32545177
32437084
32244744
32576950
32844079
31484000
32633107
32566069
32092093
31733591
32434838
32832423
32158220
32565941
31446184
32127495
32817254
32157822
32726073
32312757
32144089
32773316
32753314
32968578
32021423
31694905
32764075
31558776
32939184
32198367
31936350
32518619
31377307
32656446
32668753
31541616
32726927
32481476
32582970
32494318
32210576
32767687
32362609
32642118
31840306
31902706
30725766
32729290
32140249
32549750
32350200
32455622
32842488
32153734
32021337
32802575
32421224
32065239
32953753
32517035
32266051
32053121
32047567
32146707
32894050
32820151
32811809
32698790
32679895
32515123
32466767
32321920
32172343
32109348
31965061
31562248
32290603
32811822
32732871
32585332
32382010
32376822
32312949
32175082
32085583
32937450
32541671
32439949
31562368
32732911
32723187
32647664
32641707
32587244
32517688
32503970
32493817
32469311
32461989
32354742
32330130
32260340
32111612
32042098
31707730
32466575
32175843
32574978
32860338
32811823
32751227
32732978
32727358
32661224
32641762
32641685
32490201
32310937
32188750
32686708
31998779
31875585
32019878
32390704
31923107
31455899
32850799
32446219
32104247
31936539
32549389
32391258
32888503
32502408
32143684
32118041
32031127
30969584
29083720
32536981
32941716
32256803
32924346
32304114
29939592
32850470
32821652
32948663
32922258
32809729
32554470
32158626
32365976
32774408
32849221
32283836
32564001
32396614
32218414
32968501
32886670
31898692
31701630
32652266
32110667
32081887
32116562
32232316
32694918
32575923
32821119
32418959
32069703
32733454
32924710
32415270
32823513
32545705
32260578
31963681
32449599
31176682
32660168
32282326
32514047
31590045
32494669
32833957
32156686
32793598
32670711
32064157
32047556
32077199
32630531
32595757
32485885
32864616
32509361
32432445
32211898
32054067
32228520
32523362
32953509
32655130
32183406
32363116
32201153
32547203
32629539
32581852
32511635
32217760
32384654
32284967
32719332
32514180
32139898
32826860
32846967
32554514
32488856
32300100
32290047
32236489
32235610
31936103
32185151
32810913
32212317
32703931
32080266
32024821
32098556
32821155
32424053
32213859
32414207
32596036
32354117
31932543
32851093
32214807
32127924
32719747
32281272
32123161
32179733
32863905
32195456
31959112
32082979
32375805
32059688
32349587
32899381
32256058
32417846
32438569
32770081
32547697
32420585
32167616
32245062
32300553
32382333
32602462
32739873
32103760
32668247
32873851
32160365
32755576
32606196
32197944
32638620
32528505
32337953
32550825
32038054
31617045
28613494
32491623
32407379
32188647
31424779
32831647
32642240
32286181
31915320
32547080
32049575
32952954
32160287
32075108
32175838
32099809
31991667
32714837
32587855
32537369
32085438
32373096
32297703
31812693
32747668
32663229
31742897
32708585
32231436
32367958
32235720
32150459
32628864
32047722
32620173
32076598
32827707
32320655
32292674
32503631
32347385
32059099
32680536
32596272
32581828
31553054
32320394
32793749
32670015
32368090
32257966
32196579
32148647
32038542
28869044
32117300
32674318
32508574
32300189
32222722
32098013
31974617
31751817
32460193
31552909
32389949
32577667
32527130
32392906
32927266
32319597
32323801
31619557
32544229
32802426
32849597
32509787
32195021
32271448
32179498
32175001
32150457
32492036
32537433
32951593
32484798
32765090
32503253
32103988
32733895
32403433
32611283
32582803
32316978
32294521
32230887
31942196
32127764
31519531
32727812
32253985
32695967
32818073
32683412
32596446
32531976
32415243
32079734
31755096
32963809
32664382
32835596
32710001
32630560
32585884
32488049
32471455
32439968
31130731
32513951
32488063
32272814
32121418
32081844
32793395
31160716
32513989
31980601
32485849
32826872
32105751
32531981
32295082
32118013
32883954
32471980
32405532
32121071
32502269
32315959
32111798
32595446
32082312
32062355
32176086
32411797
32884351
32708311
32354896
32664285
32423115
32407985
32140076
32811813
32656010
32266263
32258038
32250074
32166208
32455252
32267139
32888398
32883678
32104065
32281052
32292348
32272554
32856711
32554515
32347316
31666685
32562911
32684835
32286280
31570853
32802134
32357892
31988425
32461587
31838169
32271377
32349330
32180682
32075761
31487739
32626712
32464141
32405349
32876680
32841388
32655558
32601310
32027790
32021073
31974600
31963946
32735323
31897150
32793184
32764980
32675943
32141564
31776304
32704430
32684850
32801941
32801860
32629605
32619887
32435621
32375686
32184617
32047546
31954020
31949489
32726753
32545807
32529556
32420078
32175411
32140390
32082365
32948252
32690665
32592447
32742375
32653453
32528946
32483407
32432654
32211346
32442551
32410964
32346609
32121597
32070879
31893631
32912860
32903369
32629428
31221787
32492014
32327907
32462698
32391379
32118034
31935842
32266031
32500067
32273721
32914061
32903517
32676036
32532074
32509795
32425916
32266275
32322174
32884336
32774979
32182839
32178385
32127590
32115575
32310450
32298331
32109242
32130279
32756332
32519472
32882761
32708258
32218945
32139788
32606758
32375292
31990333
31629915
32435608
32116549
32840332
32484455
32211323
32751072
32140159
32642151
32082488
32607038
32509062
32260561
32101166
31964739
32495158
31606963
32854442
32368790
32312017
32701999
32891157
32879924
32797200
32574707
32548549
32432742
32406209
32256959
32157506
31993310
32837984
32766248
32695640
32663198
32585858
32376797
32369453
32764966
32733997
31917701
32599818
31839625
32525753
32429353
32489320
32360664
32724395
32185666
32050722
31874369
32325898
32054467
32421748
32018347
32190147
32695909
32458278
32015677
31691463
32524752
32730272
32765147
32554616
32483443
32669922
32576439
32290212
32247610
32656081
32799891
32724815
32904694
32653860
32075762
32777070
32760668
32921075
32076782
32098957
32547686
31562203
32923114
32801749
32033497
32801295
32637156
32430031
32620764
32826873
32357571
31757877
32732901
32120830
32499490
32393783
32332915
32107847
31941905
32943603
32699295
32629666
31915256
31910818
32725756
32066626
31628220
32894204
32850408
32717915
32573961
32550261
32342027
32266066
32830527
32640615
32587563
32292243
31923741
31892843
31730762
32824461
32025868
32872551
32575996
32210727
31763984
32234473
32153426
32710820
32596397
32548570
31960796
32155590
32675842
32781553
32903698
32881714
32192196
32320740
32774366
32702792
32060349
32854033
32013910
32165684
32256205
32823589
32605572
32748331
32283634
32149395
32665892
32523657
32917631
32382150
32331230
32183295
32581063
31911115
32917158
32383809
32844096
32832000
32844161
31527817
32586371
32241274
32722185
32411238
32872749
32440221
32256069
32582722
32305626
31776210
31952299
32002016
31959207
32479491
32368149
32328155
32046005
32010245
31179485
32271817
32176038
32617114
32429594
32345623
32204508
32519518
32457361
31836302
32859053
32863909
32599988
32555454
31862796
32596596
32299866
32791659
32126063
32447175
32283823
32164576
32141582
32874210
32850456
32642129
32487747
32327476
32184630
32708945
32653834
32560283
32059076
32023981
31964698
32516132
32408481
32099401
32075096
31979378
31758653
31691800
31654410
32160544
32886751
32685019
32334457
32321873
32273815
32266260
32184690
32090113
31310649
32660118
32083114
32913030
32864261
32863327
32851027
32775301
32582563
32432737
32432139
32354198
32110802
32349387
32210783
32618411
32471260
32340314
32319563
32308774
32095493
31964901
31963688
32729662
32448390
32591352
32765592
32265853
32793819
31913350
32274455
31896813
32226768
31615933
32607037
32185135
32555178
32765441
32351971
32326309
32239467
32365495
32076416
32455818
32243203
31998435
32754591
32074120
32699689
32423157
32399037
32250090
32231521
32046343
32733853
32788870
32718028
32365530
32523532
32696426
31754707
32795325
32082573
31988315
31964836
32822484
32733803
32660489
32043777
32765499
32581849
32802291
32878278
32860347
32498288
32923450
32211094
32848446
32518519
32299814
31990698
31812889
31280632
32866898
32269623
32313722
32155797
32377770
32506850
32326159
32841278
32787882
32544099
31854115
31822964
31628942
32071551
32054512
32668249
32429636
32265469
32231747
32963543
31424735
32093151
32094187
32724387
32517296
32076579
32069773
32308389
31912675
32286300
31669973
32502201
31980612
32156249
32746451
32312983
32575374
32503595
32410585
31904355
32235451
32685088
32642291
32188412
31927801
32469465
32391074
32207340
32154104
31792952
32632140
30907226
32796618
32343673
32154654
32127518
32768406
32475380
32117980
32133501
32106459
32931479
32703272
32103675
32923684
31715377
32881713
32689964
32033216
32279234
32599237
32150864
32769995
32400970
32329304
32029455
32502192
32312954
32953969
32724484
32127025
32944405
32765086
32259713
32869537
32190660
32652936
32548224
32089764
31460770
32714689
31302988
32858878
32835666
32901082
32129549
32038618
32312906
32635299
32477327
32367962
32244622
32051480
30848441
32923173
32722302
32391276
32062956
32483448
32376419
31884071
32684626
32923168
32821346
32780729
32724313
32686903
32660508
32648580
32555641
32503228
32218227
32201152
32111002
32905294
32873829
32810157
32782489
32661481
32547514
32542150
31974050
31625212
32763491
32878860
32535589
32365624
32309174
32952663
32535662
32508529
32377307
32032552
31872963
32182706
32065848
32793477
32739880
32709143
32523911
32158623
32111763
32913451
32758871
32231566
32156777
31941460
31929755
31929368
31726370
31941556
32386255
32382022
32581213
32226538
32371580
32365503
32357920
32083546
32752095
32629833
32266143
32206103
32366312
32629820
32827337
31901900
32779447
31963405
31898520
32727810
32098817
32792938
32390698
32041893
32259794
31350853
32850861
32818296
32591581
31937281
32508792
32329419
32290431
31253743
32272498
32483423
32337162
32283582
32256109
32841548
32292494
32039816
32728134
32851035
32375264
32925759
31905432
32210951
32807195
32752259
32579601
32403421
32106386
31432325
32499572
32498695
32519519
32461141
32459815
32347644
32489322
32373640
31833196
32934665
32896928
32396724
32112862
32632162
32490320
32443825
32906676
32545770
32453773
32580985
32575795
32536826
32301286
31906850
31742873
32158544
32457840
32382585
32117780
32016459
31289199
32724415
31743583
32605911
32064334
31959104
32706220
32493336
31672273
32942154
32878897
32803874
32781664
32722310
32539763
32457601
32313130
32014438
32867256
32051287
32765468
32718560
32706409
32468028
32410986
32117431
32717815
32687918
32670081
32257426
32194796
32190645
32075733
31869748
32685375
32663742
32582765
32523124
32477965
32344946
32206328
32047249
32970762
28613626
32803016
32547948
32848616
32840158
32581706
32500379
32393064
32195248
32578852
32306542
32163546
32139657
32108229
32028408
32143485
32106369
32908583
32854390
32746852
32714183
32703812
32571374
32374740
32260071
32153636
32015690
31930676
32968450
32943697
32688287
32787887
32766256
32755591
32522932
32522617
32487164
32411398
32358096
32456324
32336272
32024090
32859065
32709243
32650428
32627031
32587994
32486341
32447338
32426428
32368316
32234486
32083004
32021274
32722415
32219310
31871098
31912588
32407386
32381100
32306958
31931141
32747004
32158264
31941606
32610610
32513932
31940695
32676330
32539797
32461274
31138727
32307210
31640850
32355867
32012211
31968651
32360108
32493990
32302443
31206987
31097628
32912174
32183898
32362585
31952533
32513741
32552762
32577684
32478494
32342599
32916821
32772513
32955570
32873764
32231743
32801904
32657778
32439726
32346976
32330288
32637964
32635894
32565938
32415357
32096202
31979010
32395484
32360703
32148004
32024754
32008036
31989101
31963747
32079505
32727075
32492289
32460812
32437367
32403417
32198676
32709062
32615027
32368230
31829518
32770427
32405158
31947665
31855733
32872735
32580314
32536955
32420059
32123492
32385712
32784666
32542340
32855386
32766128
32722551
32582642
32533521
32487049
32170092
31942177
31802187
31752064
32911794
32782484
32694577
32617140
32390010
32276206
32090494
32032660
31949488
31830646
32896719
32853985
32516735
32779878
32697148
32655520
32544085
32530039
32156047
32216174
32753661
32198560
32188703
32073729
32532983
32525845
31999753
32294669
31981257
29939565
32650450
32252440
32897885
32886847
32659235
32115850
29262193
32776498
32366832
32696709
32647089
32626533
31903726
32766276
32764971
32760429
32703012
32679804
32570996
32560541
32422280
32393278
32319531
32210086
32110383
32110285
32089921
32080970
31853784
32582566
32528465
32458441
32179176
32604768
32596149
32519954
32482836
32435185
32220226
32143420
32116665
32104126
32036219
31940751
32951280
32822966
32092864
32839486
32748785
32748092
32637946
32629809
32609825
32550950
32484802
32466384
32452125
32440375
32435178
32339530
32133237
32027788
31928310
31693521
32277078
32685100
32592346
32490257
32326640
32231582
32198622
32161442
31801703
31606962
32927431
32827689
32497022
32221271
32606423
32528105
32321590
31371786
31661167
32439799
31353502
32582534
32117257
32300556
31903134
31242404
32912261
32874199
32600257
32485873
32268572
32411320
32414769
32402942
32206102
32837456
32414418
32131893
32041572
31471572
32329774
31171862
32532356
31993214
32774730
32629933
32503651
32486243
31882547
32585818
31988172
32880753
32841051
32838069
32650797
32483178
32323515
31702120
32389639
31945065
32635660
32581702
32327686
32319645
32277975
32193155
32123560
32511887
32117712
32884946
32679735
32555232
32513998
32404513
32319625
32020472
31871084
31319640
32362442
31959726
32252405
32231439
32457124
32329577
32134200
32091393
31943834
32854778
31610223
31964735
32695111
32953157
32945622
32862103
32733642
32490158
32469462
32153043
32112656
31876009
32896997
32606673
32203212
32097091
32780528
32331421
32884961
32477008
32235313
32158208
32095323
31582519
32752204
32169610
32854260
32233642
32472653
32024543
32620864
32584895
31645352
32823780
32779617
32765848
32762727
32724376
32394691
32142762
32091408
32060408
31936721
31891750
31741315
32851091
32783527
32714552
32595828
32481657
32443642
32410830
32318058
32295073
32249801
31963420
31882503
31822908
31519529
32819113
32682291
32508811
32112646
32923125
32722785
32664056
32616892
32508821
32489439
32457756
32457411
32425694
32397660
32363166
32195096
32157213
32049789
32041660
31952209
31689371
32884298
32687951
32885025
32795273
32782595
32736413
32671063
32650622
32593209
32511388
32492961
32444145
32328565
32129155
32095349
32092699
32065498
31764762
32898766
32801420
32154130
31988501
32913947
31607541
32019272
31504325
32607024
32566040
32444616
31820871
32461345
32315980
32238919
32010267
32849309
32572160
32871921
32814813
32650970
32580248
32373215
32266271
32256956
32635460
32455831
32424333
32354165
32321537
32236532
32098284
31964900
31588100
32461912
32429572
32351510
32316291
32228650
32132569
32021425
32376889
31980649
32759935
32052473
32746883
32331426
32252414
32031300
32560557
31545507
32155835
32798252
31409885
32218163
32046667
32844570
32619411
30181580
31729625
32726929
31944568
32923478
32899667
32887311
32825954
32824212
32760675
32728357
32724494
32640621
32596971
32570941
32564270
32548538
32466499
32429047
32413736
32406586
32266168
32238714
32194423
32149133
32095512
32085446
31414897
32319118
32929123
32922652
32881376
32850460
32846910
32819125
32811130
32606591
32595431
32516955
32489370
32379706
32319631
32104190
32099056
32745521
32659961
32453636
32117757
31376190
32849354
32817394
32732332
32649311
32622449
32522905
32487155
32393302
32318563
32272110
32133044
32069391
32178401
32751976
32742694
32664681
32513800
32376804
32373222
32218784
32064023
31865635
32913122
32759502
32900864
32566073
32479189
32345624
32309817
31582534
32369900
31938049
32864429
32724495
32265655
32244410
31994907
32777066
32691996
32517459
32384683
32079194
31945016
32599892
32460818
31775160
32760225
31987036
32801918
32372247
32157091
32925938
32694934
32256094
32249526
32084186
32014040
32906727
32899998
32511364
32466779
32388267
32819326
32819312
31958302
31936858
31548164
32272581
32522979
32293552
31843279
32539942
32397256
32307616
32077641
32282854
32686739
32050622
32351599
32669372
31871106
32377601
32139536
32751937
32662111
32554069
32423042
32221415
32915975
32422076
31796914
32920230
32874208
32694701
32527124
32492161
32466418
32463768
32369455
32324805
32285313
32194688
32963004
32935114
32798273
32423376
32293461
32899191
32739365
32709713
32655552
32655131
32555746
32227211
32202307
32075822
32066441
32023563
31489719
32791957
32570854
32382723
32338640
32154274
32131560
32032731
32027093
31996395
32195353
31554929
32093621
32382714
32418886
32927350
32333836
31939735
32895407
32843839
32804975
32774735
32694638
32652890
32647256
32574954
32567670
32366938
32339498
32293342
32259418
32243431
32154134
32121108
32117862
32010261
31975779
31941060
31831634
31202499
32629119
32612277
32411136
32936824
32850480
32850388
32766435
32766307
32752094
32724400
32714862
32647360
32523603
32398070
32178636
32082487
32079211
31999935
31936711
32811566
32657623
32581058
32495938
32420474
32325894
32211208
32175286
32953722
32918797
32704046
32606763
31250745
32846844
32823812
32657030
32548095
32514486
32455745
32454856
32421073
32363150
32337272
32330729
32217117
32154156
32039233
32032733
31941709
31926020
31709719
32849607
32751526
32843031
32707835
32586280
32467669
32188704
32842974
32555626
32258953
32695993
32063068
32519357
32304736
31895940
31732687
32670524
32203258
32749237
32797472
32695667
32664674
32561749
32536032
32508035
32469931
32411386
32380200
32373648
32284794
32212298
32160532
32041353
32948247
32931661
32246644
32040536
32934961
32922301
32703503
32630516
32267859
32260582
32042322
31969059
31830774
31092147
32663189
32161659
32825737
32802803
32758485
32665904
32639107
32564338
32562124
32545356
32382770
32282706
32117815
31918283
31912942
31804738
31801961
31694073
31633613
32790845
32756364
32739409
32593898
32504450
32456271
32352317
32293397
32103738
32039917
31818962
32120988
32873802
32371460
32312955
31828313
32426502
32760664
32646367
32519082
32426105
32380705
32103128
31952288
32883314
32612387
32474412
32375777
32313873
32221016
32121246
31734810
32925947
32064351
31814080
30898491
32813746
32678240
32616519
32596454
32380536
32302369
32089743
32545367
32730698
32441463
32231166
32214286
31881505
20301399
32005799
31963754
32395526
32314961
31959876
32875168
32496635
32336675
32547853
32238357
32202087
32333154
32585295
32164762
32734734
31903160
32937800
32868372
32807803
32756342
32566093
32410872
32316674
32291399
32280278
32246616
32063527
32049004
31949262
31935318
32970694
32690910
32632751
32461972
32799894
32775820
32576693
32489319
32265819
32259050
32207683
32081946
31998665
31809612
32917134
32883356
32850499
32813321
32764339
32717421
32647072
32601570
32582302
32404183
32395887
32387756
32016169
31974445
31882397
31983188
32677533
32585856
32571353
32409114
32194811
32089731
32084216
32075772
31950385
32239239
32140725
32520957
32513715
32350394
32882850
31537689
31746562
32581055
32398108
32269140
32132200
32532974
32611485
32397507
32273944
32145456
31948068
32653295
32641320
32591391
32394922
31781843
32817457
32401271
32722130
32586044
32521631
32483447
32443695
32000836
31941714
31359605
32808094
32411003
31504335
32865101
32774687
32707646
32664146
32423468
32143347
31996124
31986489
31948437
31923104
31896760
32566759
32024285
31875522
32793728
32703230
32692224
32467292
32360033
32295457
32244329
32220619
32096114
30725739
32481709
32218300
31816122
32869161
32812204
32419290
32338752
31788992
31757695
32953495
32746940
32827483
32638832
32798473
31913492
32932016
32785164
32747024
32667883
32641860
32443589
32413619
32374522
32358226
32292507
32126102
31985028
31957271
31947510
32513899
31729564
32509592
32487990
32289516
32211400
32187552
32111217
31999938
31994347
31991068
31919742
31915177
30768179
32722334
32713345
32348937
31972009
31941032
31858381
31820266
32963694
32934806
20301338
32450825
32330243
32836808
32742572
32726999
32715669
32616230
32552361
32347937
32028995
32022429
31669262
31568637
32616059
32515131
31712627
32243390
32393644
31848486
32339648
32722709
32847628
32639677
32379280
32731559
32178714
31848205
31171638
32414862
32553168
31917258
32937008
32024950
32470470
32228858
31900402
32066523
32060099
31007149
32787942
31286804
32074131
32908083
32854772
32637632
32606772
32485082
32452381
32240273
32158521
31986408
31970940
31948941
31407403
32234849
32824440
32609152
32406952
32256071
31936691
31594826
32313184
32303560
32541467
32404066
32277550
32184236
32160294
31907443
32737203
32707074
32656747
32596371
32537934
32451846
32449324
32102251
31941923
31531842
32151059
32425638
32453731
32246941
32855385
32000863
32467008
32766998
32917410
32811828
32103185
32938681
32313566
32850362
32248797
32047639
31634667
32944194
32936795
32660443
32565226
32161294
32234739
32788615
32336981
32150871
32147213
31991021
31894150
31802643
32810825
32805279
32183133
32867715
32710498
32708264
32561849
32360481
31980625
30793472
32813912
32708575
32306970
31248973
32210335
31778934
32746839
32584835
32230996
32206557
32071283
32044814
32708389
31806540
32807790
32214795
32353934
32696264
32832407
32387456
31786674
32852137
32600963
32561647
32514365
32264897
31749033
31748399
32364497
32390785
32370749
31579943
32904132
32178764
32876050
32832354
32423094
32301704
32718996
32400023
31944180
32592321
32457038
32215577
32199996
31996359
31923255
32890497
32075363
32605575
32178634
31937554
32171069
31961340
32161263
32879103
32958718
32510331
32065454
32609727
32391169
32061385
31639107
32089779
32927803
31744833
32381719
32367804
32952144
31995689
32098967
32193573
31901705
31950334
31740809
32353859
31915273
32839249
32332142