32995559
32995556
32995555
33002074
33002052
33002041
33002036
33002032
33001990
33001967
33001876
33001872
33001871
33001869
33001436
33001435
33001431
33001430
33001200
33001198
33001051
33000669
33000019
33000018
32999997
32999991
32999950
32999916
32999913
32999889
32999856
32999855
32999782
32999777
32999774
32999768
32999738
32999636
32999505
32999436
32999432
32999425
32999356
32999084
32998872
32998763
32998757
32998719
32998491
32998488
32998292
32998207
32984549
32983416
32998094
32998093
32998066
32998039
32998038
32998037
32998036
32997958
32997724
32997720
32997719
32997705
32997704
32997700
32997699
32997683
32997657
32997413
32997333
32997331
32997322
32997320
32997318
32997314
32997313
32997257
32997237
32997235
32997167
32997123
32997122
32997121
32997119
32997092
32997079
32997070
32997069
32997068
32997001
32996907
32996904
32996728
32996564
32996563
32996562
32996110
32996071
32996011
32995970
32995920
32995894
32995822
32995810
32995809
32995806
32995802
32995800
32995799
32995798
32995796
32995795
32995794
32995793
32995791
32995789
32995788
32995787
32995786
32995785
32995784
32995782
32995781
32995780
32995778
32995777
32995776
32995773
32995771
32995770
32995769
32995759
32995758
32995757
32995744
32995736
32995708
32995705
32995704
32995703
32995685
32995683
32995682
32995681
32995668
32995660
32995557
32995494
32995388
32995369
32995366
32995364
32995351
32995321
32995318
32995261
32995255
32995140
32995089
32995051
32994924
32994918
32994910
32994856
32994822
32994803
32994791
32994757
32994752
32994749
32994704
32994700
32994698
32994683
32994678
32994675
32994673
32994672
32994671
32994669
32994666
32994664
32994663
32994657
32994656
32994655
32994653
32994651
32994650
32994418
32994262
32994260
32994259
32994197
32994158
32994151
32994144
32994136
32994131
32994117
32994096
32994088
32994064
32994061
32994052
32994048
32994047
32994042
32994041
32993921
32993804
32993779
32993767
32993759
32993751
32993744
32993742
32993736
32993696
32993690
32993656
32993652
32993622
32993603
32993540
32993538
32993524
32993509
32993497
32993479
32993013
32993005
32992966
32992809
32992807
32992687
32992643
32992623
32992515
32992361
32992355
32992323
32992282
32992245
32992235
32992199
32992196
32992176
32992156
32992136
32992110
32992109
32992105
32992075
32992061
32992058
32992052
32992048
32992043
32992042
32992015
32992014
32992013
32991984
32991982
32991966
32991947
32991945
32991941
32991900
32991885
32991879
32991873
32991870
32991866
32991860
32991850
32991844
32991843
32991842
32991621
32991611
32991604
32991438
32991426
32991329
32991323
32991303
32990927
32990925
32990918
32990872
32990864
32990812
32990810
32990737
32990736
32990735
32990690
32990602
32990601
32990399
32990278
32990156
32990138
32990080
32989937
32989936
32989934
32989933
32989715
32989697
32989677
32989674
32989673
32989667
32989666
32989642
32989598
32989587
32989525
32989506
32989438
32989437
32989434
32989433
32989432
32989431
32989430
32989429
32989428
32989427
32989426
32989425
32989424
32989420
32989419
32989418
32989417
32989416
32989414
32989413
32989410
32989408
32989407
32989382
32989381
32989380
32989379
32989376
32989348
32989346
32989341
32989340
32989332
32989315
32989290
32989234
32989072
32989057
32989032
32989025
32989018
32989012
32988991
32988988
32988954
32988953
32988831
32988811
32988800
32988799
32988775
32988772
32988758
32988743
32988731
32988730
32988728
32988724
32988694
32988688
32988664
32988647
32988645
32988605
32988602
32988579
32988390
32988371
32987950
32987914
32987902
32987852
32987773
32987764
32987757
32987750
32987722
32987712
32987684
32987661
32987641
32987625
32987611
32987604
32987603
32987600
32987599
32987585
32987584
32987574
32987551
32987548
32987547
32987541
32987521
32987517
32987516
32987515
32987508
32987502
32987501
32987496
32987495
32987349
32987252
32987222
32987193
32987183
32987182
32987179
32987177
32987104
32987103
32987098
32987097
32987060
32987040
32987038
32987033
32987024
32987023
32987009
32987008
32987007
32986989
32986981
32986980
32986233
32986230
32986229
32986226
32986225
32986153
32986147
32986137
32986136
32985971
32985562
32985537
32985513
32985430
32985333
32985329
32985322
32984929
32984911
32984890
32984864
32984862
32984861
32984859
32984856
32984855
32984854
32984849
32984848
32984847
32984840
32984839
32984838
32984837
32984836
32984835
32984834
32984833
32984832
32984831
32984830
32984828
32984804
32984803
32984800
32984799
32984798
32984797
32984796
32984795
32984794
32984793
32984792
32984790
32984789
32984788
32984786
32984785
32984784
32984783
32984782
32984781
32984769
32984768
32984767
32984766
32984765
32984764
32984763
32984755
32984743
32984666
32984664
32984657
32984656
32984642
32984641
32984621
32984620
32984615
32984567
32984566
32984564
32984561
32984560
32984543
32984542
32984541
32984540
32984539
32984501
32984496
32984489
32984470
32984469
32984443
32984442
32984405
32984404
32984400
32984390
32984389
32984388
32984387
32984381
32984363
32984339
32984256
32984255
32984253
32984248
32984242
32984241
32984240
32984238
32984235
32984234
32984209
32984206
32984196
32984094
32984046
32984017
32984015
32983949
32983936
32983934
32983928
32983927
32983926
32983915
32983909
32983899
32983898
32983891
32983888
32983864
32983862
32983849
32983837
32983836
32983832
32983831
32983830
32983820
32983745
32983735
32983734
32983729
32983724
32983702
32983701
32983698
32983694
32983689
32983654
32983652
32983643
32983590
32983582
32983570
32983543
32983542
32983457
32983456
32983429
32983419
32983415
32983409
32983403
32983400
32983399
32983396
32983395
32983394
32983373
32983309
32983308
32983288
32983281
32983275
32983274
32983273
32983259
32983255
32983254
32983238
32983237
32983220
32983183
32983181
32983180
32983179
32983176
32983174
32983172
32983161
32983157
32983152
32983141
32983123
32983106
32983097
32983065
32983056
32983025
32983015
32982999
32982938
32982925
32982921
32982916
32982903
32982895
32982890
32982888
32982881
32982865
32982849
32982846
32982839
32982809
32982807
32982806
32982760
32982751
32982743
32982720
32982622
32982616
32982615
32982614
32982613
32982612
32982611
32982600
32982599
32982575
32982574
32982563
32982538
32982534
32982532
32982515
32982514
32982500
32982382
32982366
32982359
32982349
32982336
32982268
32982249
32982205
32982202
32982188
32982184
32982162
32982155
32982151
32982145
32982139
32982136
32982135
32982134
32982131
32982123
32982108
32982107
32982089
32982086
32982084
32982083
32982082
32982081
32982080
32982078
32982072
32982066
32982065
32982062
32982061
32982060
32982059
32982038
32982021
32982020
32982019
32982018
32982017
32982016
32982015
32982001
32982000
32981994
32981988
32981949
32981944
32981943
32981938
32981889
32981876
32981871
32981853
32981843
32981811
32981802
32981788
32981770
32981760
32981754
32981712
32981704
32981694
32981683
32981671
32981665
32981664
32981663
32981662
32981653
32981609
32981525
32981485
32981333
32981326
32981025
32981023
32981005
32981003
32980998
32980985
32980973
32980956
32980943
32980942
32980914
32980900
32980860
32980807
32980805
32980783
32980782
32980781
32980768
32980748
32980714
32980693
32980677
32980664
32980627
32980626
32980621
32980620
32980595
32980581
32980557
32980540
32980435
32980434
32980424
32980406
32980377
32980371
32980345
32980342
32980331
32980319
32980318
32980275
32980266
32980250
32980234
32980228
32980192
32980180
32980179
32980171
32980170
32980157
32980156
32980153
32980152
32980151
32980137
32980083
32980080
32980026
32980021
32980018
32979987
32979985
32979982
32979971
32979970
32979968
32979964
32979962
32979943
32979942
32979941
32979938
32979936
32979933
32979833
32979815
32979790
32979742
32979739
32979696
32979693
32979670
32979667
32979666
32979663
32979652
32979617
32979601
32979593
32979586
32979576
32979575
32979574
32979572
32979567
32979553
32979489
32979477
32979476
32979475
32979474
32979456
32979436
32979425
32979419
32979408
32979407
32979406
32979405
32979378
32979360
32979328
32979326
32979322
32979321
32979319
32979318
32979317
32979316
32979314
32979308
32979307
32979306
32979305
32979211
32979193
32979191
32979139
32979129
32979118
32979101
32978729
32978728
32978702
32978656
32978651
32978645
32978643
32978609
32978581
32978579
32978576
32978532
32978531
32978529
32978513
32978440
32978358
32978347
32978346
32978345
32978344
32978341
32978340
32978339
32978338
32978313
32978312
32978311
32978310
32978309
32978307
32978305
32978304
32978291
32978255
32978251
32978213
32978210
32978207
32978176
32978154
32978142
32978113
32978112
32978111
32978108
32978107
32978104
32978099
32978093
32978065
32978058
32978048
32978039
32978036
32978011
32978009
32978008
32977986
32977956
32977955
32977949
32977862
32977854
32977848
32977826
32977818
32977816
32977805
32977781
32977776
32977764
32977699
32977682
32977632
32977606
32977575
32977571
32977568
32977547
32977546
32977538
32977485
32977359
32977289
32977231
32977228
32977227
32977223
32977222
32977160
32977137
32977136
32977131
32977130
32977129
32977128
32977117
32977101
32977085
32977074
32977063
32977050
32977047
32977019
32977004
32976991
32976961
32976940
32976894
32976855
32976850
32976849
32976847
32976823
32976799
32976757
32976756
32976755
32976747
32976707
32976531
32976519
32976513
32976500
32976118
32976117
32976111
32975921
32975917
32975916
32975884
32975722
32975714
32975663
32975585
32975575
32975574
32975568
32975521
32975506
32975484
32975374
32975297
32975186
32975183
32975066
32975064
32974860
32974859
32974857
32974839
32974834
32974795
32974779
32974596
32974425
32974420
32974419
32974417
32974384
32974375
32974374
32974373
32974372
32974370
32974353
32974340
32974295
32974268
32974267
32974266
32974253
32974243
32974230
32974228
32974227
32974224
32974210
32974166
32974120
32974111
32974109
32974048
32974047
32974046
32974036
32974030
32974019
32974002
32973965
32973919
32973879
32973818
32973815
32973814
32973803
32973779
32973730
32973701
32973697
32973666
32973665
32973655
32973638
32973631
32973590
32973584
32973583
32973537
32973534
32973527
32973526
32973511
32973505
32973504
32973375
32973285
32973171
32973152
32973116
32973066
32972979
32972967
32972948
32972934
32972913
32972871
32972861
32972853
32972832
32972818
32972810
32972806
32972804
32972795
32972778
32972766
32972761
32972728
32972703
32972644
32972617
32972614
32972613
32972612
32972611
32972561
32972558
32972503
32972457
32972451
32972450
32972435
32972430
32972429
32972411
32972381
32972360
32972320
32972313
32972277
32972196
32972126
32972125
32972123
32972121
32972052
32972027
32972015
32971995
32971954
32971906
32971895
32971761
32971756
32971710
32971709
32971708
32971707
32971705
32971704
32971697
32971640
32971623
32971617
32971608
32971607
32971606
32971512
32971511
32971510
32971478
32971472
32971448
32971407
32971356
32971326
32971311
32971254
32971239
32971210
32971157
32971153
32971150
32971149
32971147
32971144
32971122
32971109
32971105
32971100
32971089
32971081
32971074
32971052
32971043
32971042
32971041
32971027
32971023
32971021
32971020
32971017
32971014
32971011
32971009
32971008
32971007
32971006
32970990
32970989
32970935
32970786
32970782
32970774
32970773
32970772
32970769
32970764
32970761
32970757
32970753
32970745
32970733
32970716
32970710
32970661
32970660
32970656
32970655
32970654
32970639
32970587
32970563
32970562
32970561
32970560
32970559
32970558
32970557
32970556
32970555
32970554
32970553
32970552
32970551
32970550
32970391
32970302
32970281
32970259
32970246
32970238
32970219
32970212
32970201
32970156
32970134
32970047
32969825
32969789
32969788
32969772
32969769
32969768
32969711
32969605
32969365
32969321
32969235
32969190
32968962
32968954
32968896
32968895
32968883
32968850
32968739
32968685
32968684
32968681
32968680
32968677
32968673
32968669
32968649
32968646
32968645
32968643
32968624
32968623
32968604
32968602
32968599
32968582
32968552
32968550
32968537
32968525
32968521
32968487
32968484
32968435
32968430
32968429
32968420
32968418
32968416
32968409
32968408
32968325
32968208
32968181
32968009
32967988
32967981
32967965
32967887
32967859
32967816
32967801
32967798
32967797
32967786
32967784
32967735
32967717
32967703
32967700
32967693
32967691
32967669
32967647
32967639
32967627
32967592
32967547
32967538
32967488
32967358
32967329
32967321
32967312
32967280
32967236
32967229
32967179
32967165
32967163
32967126
32967116
32967110
32967093
32967091
32967025
32967024
32967023
32967022
32967019
32967017
32966857
32966853
32966824
32966822
32966814
32966809
32966801
32966765
32966561
32966344
32966315
32966283
32966272
32966269
32965779
32965660
32965656
32965654
32965603
32965559
32965525
32965524
32965508
32965507
32965502
32965501
32965458
32965457
32965456
32965455
32965454
32965453
32965452
32965451
32965444
32965404
32965403
32965402
32965401
32965400
32965399
32965398
32965395
32965378
32965376
32965375
32965373
32965372
32965371
32965370
32965369
32965368
32965367
32965366
32965365
32965364
32965363
32965362
32965361
32965360
32965359
32965358
32965357
32965356
32965355
32965354
32965353
32965352
32965351
32965350
32965349
32965348
32965347
32965346
32965345
32965332
32965311
32965310
32965306
32965305
32965300
32964853
32964684
32964368
32964367
32964337
32964331
32964313
32964211
32964210
32964209
32964205
32964179
32964177
32964165
32964105
32964098
32964093
32964076
32964068
32964067
32964061
32964056
32963961
32963923
32963907
32963899
32963884
32963854
32963836
32963831
32963823
32963819
32963790
32963773
32963703
32963672
32963632
32963585
32963581
32963564
32963563
32963540
32963509
32963467
32963456
32963443
32963442
32963441
32963440
32963439
32963432
32963425
32963423
32963417
32963413
32963357
32963335
32963312
32963239
32963228
32963170
32963155
32963115
32963099
32963092
32963071
32963052
32963028
32963024
32963010
32963005
32962968
32962948
32962943
32962935
32962933
32962929
32962902
32962882
32962867
32962864
32962855
32962848
32962844
32962810
32962806
32962764
32962761
32962760
32962759
32962757
32962739
32962731
32962712
32962703
32962691
32962671
32962655
32962639
32962560
32962521
32962495
32962415
32962355
32962258
32962227
32962172
32962156
32962125
32962092
32962052
32962038
32962001
32961897
32961702
32961675
32961660
32961636
32961539
32961535
32961534
32961527
32961482
32961466
32961453
32961451
32961440
32961429
32961409
32961333
32961315
32961304
32961274
32961244
32961149
32961125
32961123
32961117
32961116
32961115
32961114
32961108
32961096
32961074
32961040
32960932
32960929
32960917
32960908
32960899
32960881
32960880
32960774
32960622
32960436
32960429
32960407
32960401
32960335
32960319
32960186
32960106
32960000
32959998
32959869
32959805
32959804
32959803
32959802
32959714
32959709
32959627
32959618
32959614
32959547
32959546
32959545
32959517
32959515
32959234
32959219
32959216
32959148
32959144
32959127
32959115
32959109
32959075
32959031
32959026
32959021
32959020
32959019
32959018
32959017
32959014
32959012
32959011
32959008
32959007
32959006
32959003
32959000
32958992
32958991
32958988
32958987
32958982
32958973
32958971
32958969
32958959
32958905
32958891
32958781
32958718
32958693
32958678
32958577
32958575
32958538
32958531
32958495
32958477
32958435
32958428
32958417
32958402
32958397
32958395
32958381
32958372
32958345
32958322
32958291
32958250
32958227
32958120
32958069
32958067
32958060
32958034
32958009
32958006
32958001
32957999
32957997
32957995
32957928
32957828
32957826
32957803
32957702
32957696
32957639
32957638
32957585
32957548
32957539
32957467
32957454
32957434
32957417
32957405
32957380
32957375
32957373
32957366
32957342
32957323
32957305
32803123
32704549
32957116
32957112
32957108
32957107
32957073
32957066
32957057
32957036
32957032
32957030
32957024
32957001
32956994
32956989
32956962
32956927
32956926
32956925
32956895
32956888
32956871
32956851
32956843
32956813
32956787
32956786
32956782
32956749
32956735
32956734
32956731
32956730
32956729
32956728
32956726
32956724
32956718
32956715
32956703
32956699
32956664
32956644
32956643
32956620
32956616
32956615
32956614
32956613
32956612
32956599
32956353
32956034
32955912
32955847
32955819
32955770
32955718
32955715
32955711
32955710
32955699
32955691
32955678
32955676
32955670
32955456
32955428
32955421
32955373
32955344
32955235
32954937
32954791
32954790
32954775
32954769
32954754
32954746
32954712
32954711
32954710
32954709
32954708
32954707
32954706
32954705
32954690
32954480
32954445
32954370
32954369
32954365
32954249
32954248
32954247
32954242
32954232
32954231
32954217
32954212
32954211
32954209
32954173
32954094
32954048
32954047
32954046
32954038
32954020
32954019
32954015
32953995
32953994
32953993
32953992
32953990
32953977
32953971
32953970
32953968
32953967
32953959
32953957
32953956
32953955
32953949
32953948
32953947
32953870
32953852
32953845
32953843
32953842
32953841
32953832
32953741
32953735
32953732
32953634
32953633
32953632
32953556
32953526
32953523
32953471
32953458
32953455
32953452
32953449
32953446
32953445
32953439
32953437
32953436
32953435
32953402
32953401
32953400
32953385
32953365
32953353
32953347
32953343
32953322
32953307
32953294
32953290
32953287
32953279
32953275
32953249
32953201
32953197
32953196
32953130
32953129
32953124
32953123
32953094
32953091
32952981
32952974
32952972
32952971
32952967
32952875
32952870
32952855
32952854
32952832
32952823
32952814
32952812
32952811
32952745
32952740
32952739
32952690
32952675
32952617
32952596
32952595
32952594
32952538
32952537
32952503
32952494
32952483
32952468
32952465
32952464
32952441
32952439
32952438
32952435
32952405
32952393
32952389
32952388
32952381
32952334
32952333
32952320
32952319
32952318
32952317
32952316
32952308
32952306
32952305
32952304
32952303
32952302
32952301
32952300
32952299
32952278
32952270
32952269
32952266
32952262
32952257
32952256
32952254
32952249
32952248
32952247
32952242
32952213
32952210
32952208
32952195
32952189
32952182
32952180
32952179
32952178
32952145
32952144
32952101
32952079
32952078
32952074
32952047
32952005
32951996
32951984
32951981
32951969
32951959
32951933
32951919
32951916
32951900
32951890
32951884
32951860
32951859
32951846
32951840
32951804
32951723
32951678
32951656
32951655
32951627
32951624
32951564
32951493
32951474
32951446
32951351
32951286
32951190
32951147
32951095
32951069
32951064
32951007
32950999
32950986
32950981
32950975
32950934
32950924
32950884
32950880
32950879
32950877
32950851
32950845
32950843
32950775
32950749
32950740
32950739
32950738
32950735
32950734
32950732
32950703
32950702
32950697
32950685
32950662
32950636
32950602
32950587
32950550
32950541
32950529
32950514
32950502
32950470
32950467
32950466
32950458
32950410
32950393
32950363
32950351
32950319
32950311
32950309
32950305
32950268
32950258
32950177
32950107
32950102
32950101
32950100
32950099
32950098
32950097
32950096
32950095
32950094
32950093
32950092
32950079
32950076
32950075
32950067
32950066
32950045
32950044
32950003
32949985
32949966
32949917
32949888
32949881
32949869
32949798
32949778
32949777
32949776
32949775
32949774
32949761
32949726
32949718
32949701
32949700
32949663
32949651
32949629
32949618
32949606
32949594
32949593
32949592
32949577
32949574
32949536
32949535
32949534
32949526
32949524
32949522
32949513
32949380
32949308
32949289
32949274
32949269
32949219
32949179
32949001
32948995
32948990
32948989
32948987
32948955
32948951
32948946
32948888
32948855
32948854
32948824
32948773
32948692
32948688
32948621
32948618
32948617
32948577
32948576
32948572
32948512
32948511
32948499
32948493
32948491
32948490
32948489
32948484
32948469
32948467
32948465
32948443
32948442
32948440
32948420
32948396
32948395
32948378
32948375
32948341
32948334
32948322
32948320
32948295
32948282
32948279
32948262
32948261
32948260
32948258
32948256
32948255
32948252
32948243
32948238
32948188
32948121
32948098
32948084
32947988
32947974
32947955
32947927
32947904
32947859
32947805
32947803
32947798
32947759
32947758
32947611
32947321
32947296
32947292
32947252
32947206
32947203
32947193
32947185
32947171
32947138
32947136
32947121
32947111
32947089
32947055
32947052
32947051
32947047
32947043
32947032
32947026
32947023
32947022
32946986
32946971
32946969
32946917
32946915
32946905
32946904
32946893
32946881
32946870
32946859
32946854
32946851
32946835
32946818
32946817
32946816
32946812
32946807
32946805
32946801
32946795
32946791
32946786
32946531
32946527
32946526
32946524
32946517
32946512
32946479
32946466
32946453
32946442
32946413
32946370
32946369
32946100
32946078
32946070
32946069
32946031
32946029
32946018
32946016
32946008
32946004
32945968
32945944
32945935
32945924
32945888
32945789
32945777
32945766
32945644
32945643
32945641
32945609
32945405
32945352
32945255
32945254
32945253
32945238
32945200
32945149
32944885
32944869
32944840
32944838
32944812
32944809
32944588
32944565
32944511
32944509
32944506
32944456
32944444
32944437
32944387
32944386
32944383
32944361
32944357
32944352
32944351
32944349
32944295
32944292
32944185
32944166
32944164
32944163
32944160
32944152
32944091
32944088
32944087
32944059
32944044
32944012
32943958
32943941
32943897
32943888
32943872
32943775
32943768
32943758
32943755
32943741
32943637
32943631
32943630
32943628
32943611
32943594
32943587
32943446
32943411
32943405
32943404
32943403
32943402
32943372
32943371
32943355
32943340
32943310
32943302
32943298
32943297
32943294
32943291
32943290
32943287
32943272
32943265
32943258
32943250
32943249
32943234
32943233
32943228
32943211
32943209
32943208
32943203
32943199
32943188
32943174
32943130
32943115
32943078
32942988
32942933
32942901
32942812
32942811
32942809
32942808
32942807
32942806
32942803
32942802
32942801
32942800
32942799
32942798
32942797
32942796
32942795
32942794
32942793
32942792
32942791
32942790
32942787
32942785
32942784
32942783
32942766
32942748
32942705
32942698
32942695
32942671
32942647
32942626
32942560
32942349
32942348
32942339
32942253
32942251
32942235
32942198
32942178
32942170
32942152
32942143
32942138
32942137
32942135
32942131
32942077
32942036
32942032
32941977
32941953
32941927
32941863
32941862
32941851
32941850
32941833
32941830
32941829
32941825
32941824
32941807
32941803
32941801
32941797
32941788
32941787
32941786
32941785
32941783
32941709
32941548
32941512
32941485
32941474
32941467
32941461
32941447
32941437
32941419
32941418
32941417
32941415
32941413
32941411
32941409
32941059
32941052
32940900
32940880
32940797
32940678
32940676
32940632
32940572
32940547
32940425
32940415
32940155
32939681
32939663
32939662
32939636
32939632
32939620
32939604
32939576
32939569
32939460
32939458
32939441
32939440
32939434
32939324
32939289
32939273
32939266
32939243
32939238
32939236
32939231
32939226
32939188
32939152
32939129
32939109
32939104
32939099
32939076
32939042
32939033
32939025
32938937
32938924
32938911
32938838
32938769
32938758
32938700
32938697
32938656
32938654
32938611
32938610
32938609
32938607
32938604
32938602
32938545
32938531
32938527
32938519
32938504
32938502
32938497
32938496
32938482
32938471
32938445
32938419
32938298
32938231
32938229
32938009
32937978
32937966
32937949
32937946
32937929
32937868
32937867
32937804
32937800
32937749
32934994
32934806
32934802
32937615
32937591
32937590
32937442
32937441
32937279
32937264
32937224
32937196
32937193
32937062
32937008
32936832
32936826
32936815
32936811
32936804
32936776
32936775
32936774
32936773
32936771
32936770
32936768
32936693
32936689
32936672
32936671
32936443
32936429
32936428
32936380
32936372
32936318
32936273
32936266
32936252
32936245
32936071
32935928
32935917
32935915
32935814
32935813
32935808
32935807
32935793
32935789
32935788
32935787
32935444
32935329
32935319
32935309
32935269
32935157
32935156
32935155
32935122
32935121
32935120
32935119
32935118
32935117
32935116
32935115
32935114
32935113
32935112
32935111
32935110
32935109
32935108
32935107
32935106
32935105
32935104
32935103
32935102
32935101
32935100
32935099
32935098
32935097
32935096
32935095
32935094
32935093
32935092
32935091
32935090
32935089
32935088
32935085
32935084
32935083
32935082
32935079
32935073
32935071
32935064
32935062
32935061
32934992
32934976
32934972
32934969
32934944
32934943
32934942
32934941
32934940
32934939
32934920
32934912
32934906
32934903
32934901
32934862
32934849
32934848
32934824
32934821
32934820
32934810
32934770
32934769
32934758
32934757
32934678
32934663
32934662
32934652
32934647
32934644
32934635
32934634
32934633
32934632
32934631
32934630
32934629
32934461
32934437
32934420
32934419
32934418
32934392
32934391
32934319
32934211
32934125
32934085
32934084
32934000
32933965
32933917
32933915
32933914
32933913
32933884
32933883
32933881
32933879
32933845
32933835
32933833
32933807
32933802
32933788
32933762
32933618
32933613
32933588
32933562
32933552
32933536
32933530
32933522
32933519
32933369
32933212
32933191
32933172
32933166
32933150
32933047
32933043
32933039
32933031
32933019
32932954
32932951
32932930
32932918
32932911
32932848
32932831
32932800
32932743
32932684
32932652
32932641
32932613
32932612
32932606
32932592
32932585
32932582
32932574
32913640
32932534
32932252
32932176
32932161
32932154
32932152
32931998
32931980
32931946
32931914
32931873
32931823
32931811
32931792
32931782
32931775
32931758
32931734
32931728
32931726
32931703
32931637
32931576
32931524
32931517
32931510
32931509
32931506
32931482
32931446
32931444
32931443
32931441
32931440
32931439
32931418
32931328
32931327
32931326
32931322
32931118
32931116
32931107
32931105
32931089
32930973
32930963
32930937
32930936
32930916
32930903
32930898
32930897
32930887
32930863
32930834
32930820
32930670
32930583
32930555
32930554
32930548
32930523
32930099
32930095
32930056
32930052
32929995
32929994
32929993
32929786
32929697
32929665
32929620
32929603
32929580
32929539
32929417
32929416
32929415
32929414
32929412
32929411
32929403
32929402
32929401
32929400
32929399
32929398
32929390
32929388
32929387
32929323
32929322
32929321
32929320
32929317
32929316
32929314
32929313
32929310
32929304
32929302
32929297
32929295
32929294
32929293
32929292
32929291
32929229
32929212
32929211
32929200
32929182
32929138
32929124
32929061
32929000
32928942
32928914
32928913
32928897
32928878
32928868
32928867
32928837
32928835
32928824
32928816
32928812
32928810
32928804
32928802
32928787
32928770
32928767
32928765
32928691
32928688
32928686
32928674
32928672
32928663
32928626
32928605
32928561
32928543
32928516
32928499
32928412
32928323
32928322
32928319
32928313
32928308
32928250
32928236
32928234
32928180
32928157
32928149
32928122
32928037
32928023
32927871
32927835
32927829
32927798
32927793
32927735
32927639
32927628
32927621
32927589
32927583
32927419
32927416
32927413
32927412
32927405
32927400
32927382
32927375
32927358
32927356
32927329
32927311
32927307
32927292
32927291
32927290
32927289
32927283
32927282
32927229
32927214
32927142
32927136
32927129
32927092
32927067
32927056
32927051
32927023
32927009
32926984
32926978
32926977
32926958
32926957
32926931
32926920
32926918
32926917
32926883
32926871
32926870
32926868
32926836
32926779
32926714
32926713
32926712
32926684
32926683
32926682
32926681
32926680
32926679
32926678
32926677
32926676
32926675
32926671
32926670
32926669
32926659
32926349
32926340
32926320
32926319
32926272
32926266
32926255
32926254
32926250
32926211
32926173
32926172
32926171
32926122
32926098
32926097
32925986
32925848
32925800
32925789
32925756
32925755
32925751
32925737
32925702
32925701
32925566
32925197
32925195
32925166
32924962
32924960
32924956
32924951
32924948
32924947
32924946
32924925
32924838
32924762
32924567
32924401
32924391
32924390
32924345
32924344
32924343
32924328
32924263
32924091
32924089
32924020
32924007
32924000
32923996
32923995
32923993
32923992
32923991
32923968
32923943
32923756
32923749
32923747
32923744
32923742
32923731
32923696
32923694
32923691
32923679
32923677
32923676
32923675
32923673
32923672
32923671
32923657
32923629
32923613
32923602
32923601
32923600
32923579
32923572
32923567
32923551
32923550
32923529
32923488
32923472
32923461
32923460
32923450
32923449
32923422
32923397
32923381
32923374
32923364
32923361
32923357
32923356
32923355
32923354
32923351
32923345
32923338
32923333
32923317
32923311
32923310
32923304
32923301
32923299
32923288
32923256
32923248
32923243
32923230
32923199
32923158
32923151
32923119
32923084
32923083
32923016
32923014
32923004
32923003
32922857
32922856
32922855
32922854
32922853
32922852
32922851
32922804
32922783
32922774
32922773
32922769
32922761
32922735
32922727
32922724
32922713
32922694
32922690
32922688
32922585
32922564
32922563
32922562
32922560
32922517
32922512
32922510
32922466
32922463
32922446
32922431
32922409
32922408
32922406
32922366
32922355
32922334
32922324
32922301
32922297
32922243
32922242
32922241
32922224
32922220
32922217
32922212
32922211
32922210
32922209
32922203
32922189
32922185
32922180
32922174
32922173
32922162
32922138
32922115
32922101
32922098
32922095
32922049
32922024
32921981
32921974
32921970
32921969
32921965
32921955
32921952
32921944
32921943
32921942
32921941
32921937
32921936
32921935
32921934
32921923
32921922
32921921
32921917
32921916
32921903
32921883
32921881
32921879
32921878
32921876
32921871
32921870
32921869
32921866
32921865
32921864
32921863
32921862
32921861
32921860
32921857
32921850
32921847
32921846
32921844
32921843
32921841
32921839
32921830
32921824
32921821
32921819
32921811
32921805
32921796
32921678
32921600
32921588
32921586
32921580
32921570
32921536
32921531
32921517
32921515
32921445
32921419
32921408
32921332
32921099
32921005
32920815
32920814
32920813
32920757
32920756
32920752
32920751
32920745
32920716
32920657
32920637
32920634
32920586
32920585
32920584
32920578
32920571
32920570
32920569
32920565
32920564
32920563
32920514
32920511
32920504
32920503
32920494
32920475
32920452
32920431
32920418
32920415
32920389
32920373
32920347
32920346
32920345
32920322
32920296
32920291
32920239
32920235
32920234
32920233
32920232
32920231
32920219
32920210
32920191
32920189
32920185
32920170
32920162
32920121
32920117
32920116
32920103
32920095
32920092
32920079
32920066
32920063
32920062
32920049
32920037
32920028
32920023
32920018
32920017
32920000
32919977
32919963
32919947
32919938
32919931
32919923
32919879
32919873
32919872
32919857
32919841
32919838
32919836
32919809
32919800
32919788
32919762
32919586
32919584
32919477
32919439
32919429
32919428
32919427
32919413
32919358
32919321
32919315
32919265
32919255
32919242
32919240
32919222
32919217
32919216
32919186
32919180
32919172
32919162
32919153
32919152
32919074
32919073
32919072
32919071
32919069
32919067
32919062
32919033
32918985
32918984
32918975
32918954
32918944
32918943
32918938
32918932
32918894
32918881
32918880
32918872
32918696
32918656
32918652
32918645
32918641
32918640
32918606
32918594
32918573
32918567
32918447
32918432
32918431
32918430
32918429
32918414
32918413
32918403
32918252
32918236
32918209
32918208
32918164
32918145
32918060
32917983
32917980
32917884
32917840
32917729
32917722
32917718
32917717
32917716
32917709
32917614
32917604
32917603
32917573
32917563
32917551
32917504
32917481
32917467
32917460
32917457
32917441
32917434
32917432
32917427
32917426
32917397
32917371
32917368
32917356
32917342
32917303
32917299
32917294
32917293
32917292
32917291
32917290
32917283
32917282
32917259
32917258
32917254
32917248
32917141
32917096
32917095
32917009
32916996
32916973
32916972
32916958
32916949
32916926
32916925
32916836
32916821
32916812
32916801
32916692
32916691
32916641
32916611
32916610
32916565
32916564
32916509
32916443
32916442
32916441
32916377
32916328
32916324
32916311
32916297
32916249
32916246
32916211
32916178
32916148
32916095
32915971
32915908
32915899
32915888
32915884
32915878
32915877
32915876
32915873
32915872
32915822
32915818
32915815
32915771
32915764
32915763
32915762
32915717
32915654
32915642
32915634
32915516
32915424
32915404
32915381
32915380
32915365
32915343
32915341
32915271
32915265
32915253
32915233
32915172
32915166
32915165
32915061
32914769
32914768
32914746
32914745
32914744
32914699
32914352
32914336
32914319
32914298
32914273
32914255
32914236
32914217
32914200
32914176
32914145
32914143
32914141
32914140
32914139
32914097
32914093
32914056
32913866
32913853
32913847
32913846
32913696
32913691
32913690
32913653
32913638
32913633
32913624
32913621
32913590
32913581
32913561
32913530
32913393
32913365
32913364
32913357
32913304
32913297
32913283
32913273
32913137
32913116
32913039
32913009
32913008
32913005
32912996
32912961
32912958
32912894
32912866
32912856
32912829
32912793
32912768
32912758
32912748
32912745
32912742
32912734
32912716
32912711
32912707
32912670
32912669
32912668
32912666
32912661
32912659
32912655
32912654
32912647
32912646
32912643
32912604
32912602
32912600
32912598
32912595
32912591
32912574
32912564
32912559
32912557
32912545
32912527
32912525
32912524
32912511
32912370
32912363
32912356
32912354
32912329
32912236
32912230
32912226
32911986
32911985
32911874
32911861
32911826
32911794
32911779
32911778
32911757
32911751
32911738
32911727
32911718
32911691
32911671
32911647
32911619
32911555
32911518
32911500
32911459
32911457
32911444
32911430
32911392
32911389
32911317
32911299
32911282
32911257
32911234
32911201
32911161
32911141
32911131
32911123
32911110
32911086
32911080
32911064
32911055
32911042
32911039
32911000
32910980
32910979
32910978
32910974
32910955
32910943
32910933
32910922
32910920
32910919
32910910
32910871
32910845
32910843
32910826
32910820
32910819
32910806
32910698
32910493
32910433
32910409
32910408
32910363
32910359
32910347
32910323
32910322
32910321
32910318
32910310
32910274
32910253
32910251
32910210
32910209
32910208
32910203
32909961
32909955
32909891
32909890
32909834
32909761
32909725
32909713
32909711
32909504
32909495
32909234
32909226
32909174
32909171
32909090
32909060
32909043
32909031
32909016
32909015
32909014
32909013
32909011
32909010
32909009
32909007
32909006
32909003
32909002
32909001
32908999
32908998
32908997
32908996
32908994
32908993
32908992
32908990
32908989
32908987
32908978
32908976
32908975
32908974
32908972
32908960
32908954
32908947
32908946
32908842
32908841
32908736
32908705
32908697
32908673
32908671
32908644
32908584
32908574
32908341
32908340
32908333
32908332
32908331
32908330
32908300
32908251
32908185
32908126
32908116
32908083
32908073
32908072
32908071
32908070
32907891
32907890
32907888
32907886
32907877
32907873
32907872
32907855
32907844
32907831
32907820
32907819
32907791
32907790
32907789
32907762
32907759
32907757
32907711
32907701
32907692
32907638
32907637
32907635
32907623
32907596
32907595
32907584
32907581
32907540
32907528
32906831
32906788
32906733
32906604
32906596
32906590
32906149
32906146
32906085
32906012
32905939
32905897
32905881
32905864
32905851
32905833
32905808
32905794
32905791
32905789
32905788
32905786
32905783
32905601
32905597
32905593
32905568
32905504
32905485
32905336
32905318
32905308
32905296
32905290
32905282
32905275
32905217
32905189
32905165
32905156
32905148
32905145
32905111
32905099
32905098
32905083
32905064
32905062
32905055
32905049
32905045
32905033
32905027
32905026
32905022
32905015
32905013
32905011
32905006
32904999
32904990
32904987
32904972
32904969
32904963
32904960
32904959
32904956
32904949
32904944
32904943
32904939
32904932
32904928
32904925
32904923
32904917
32904915
32904911
32904910
32904898
32904889
32904879
32904861
32904846
32904838
32904824
32904792
32904785
32904771
32904757
32904736
32904735
32904733
32904715
32904703
32904693
32904687
32904682
32904665
32904653
32904652
32904651
32904638
32904637
32904636
32904621
32904602
32904601
32904593
32904587
32904582
32904575
32904571
32904558
32904556
32904497
32904494
32904487
32904485
32904481
32904474
32904469
32904468
32904458
32904452
32904437
32904433
32904431
32904428
32904415
32904414
32904407
32904401
32904398
32904388
32904377
32904371
32904353
32904342
32904317
32904130
32904117
32904086
32904064
32904031
32904009
32903998
32903968
32903950
32903877
32903864
32903863
32903849
32903841
32903810
32903802
32903780
32903644
32903641
32903640
32903586
32903584
32903570
32903561
32903555
32903552
32903503
32903492
32903476
32903453
32903445
32903391
32903363
32903349
32903324
32903303
32903286
32903279
32903266
32903258
32903229
32903228
32903227
32903226
32903225
32903224
32903223
32903222
32903199
32903197
32903196
32903195
32903133
32903111
32903083
32903047
32902940
32902849
32902824
32902821
32902818
32902813
32902800
32902783
32902732
32902729
32902712
32902653
32902413
32902338
32902328
32902305
32902304
32901820
32901817
32901812
32901781
32901774
32901773
32901772
32901771
32901762
32901760
32901759
32901755
32901732
32901729
32901715
32901708
32901703
32901700
32901699
32901698
32901696
32901673
32901669
32901560
32901439
32901433
32901422
32901413
32901399
32901393
32901391
32901377
32901353
32901278
32901275
32901230
32901229
32901228
32901227
32901226
32901225
32901220
32901219
32901217
32901214
32901211
32901210
32901209
32901207
32901204
32901203
32901196
32901188
32901186
32901185
32901183
32901175
32901166
32901165
32901164
32901162
32901129
32901111
32900994
32900846
32900822
32900781
32900766
32900765
32900754
32900753
32900752
32900750
32900749
32900744
32900740
32900708
32900707
32900706
32900705
32900694
32900674
32900666
32900659
32900656
32900620
32900616
32900597
32900588
32900587
32900584
32900532
32900525
32900518
32900515
32900507
32900506
32900499
32900460
32900426
32900422
32900409
32900405
32900388
32900385
32900372
32900360
32900271
32900263
32900245
32900168
32900159
32900010
32900009
32900008
32900007
32900006
32899996
32899971
32899958
32899945
32899942
32899935
32899931
32899922
32899885
32899861
32899835
32899833
32899803
32899799
32899785
32899778
32899776
32899754
32899739
32899652
32899640
32899619
32899534
32899532
32899526
32899495
32899484
32899481
32899480
32899478
32899470
32899457
32899439
32899381
32899354
32899333
32899277
32899231
32899222
32899163
32899063
32899059
32899023
32899010
32899009
32898996
32898993
32898942
32898910
32898873
32898845
32898840
32898838
32898817
32898813
32898806
32898764
32898760
32898715
32898714
32898713
32898707
32898703
32898686
32898590
32898562
32898490
32898469
32898468
32898410
32898342
32898341
32898340
32898238
32898179
32898168
32898153
32898149
32897931
32897895
32897885
32897869
32897868
32897736
32897668
32897666
32897537
32897518
32897493
32897492
32897471
32897443
32897389
32897374
32897373
32897278
32897271
32897177
32897038
32896864
32896863
32896836
32896835
32896834
32896833
32896832
32896798
32896795
32896785
32896750
32896705
32896671
32896652
32896651
32896649
32896604
32896598
32896595
32896566
32896565
32896496
32896493
32896479
32896476
32896464
32896463
32896460
32896431
32896430
32896424
32896310
32896291
32896290
32896206
32896151
32896147
32895900
32895799
32895763
32895747
32895745
32895744
32895707
32895646
32895645
32895644
32895643
32895641
32895640
32895639
32895638
32895636
32895631
32895630
32895629
32895628
32895627
32895626
32895625
32895624
32895623
32895615
32895614
32895612
32895611
32895610
32895609
32895607
32895606
32895605
32895601
32895599
32895595
32895594
32895593
32895587
32895585
32895513
32895512
32895511
32895485
32895447
32895375
32895366
32895296
32895295
32895293
32895254
32895247
32895242
32895218
32895082
32895072
32895065
32895064
32895056
32895055
32895050
32894923
32894921
32894875
32894859
32894838
32894772
32894756
32894753
32894752
32894750
32894699
32894449
32894436
32894406
32894404
32894387
32894364
32894300
32894290
32894287
32894286
32894217
32894167
32894160
32894156
32894080
32894013
32893855
32893844
32893843
32893833
32893832
32893780
32893759
32893735
32893646
32893534
32893533
32893532
32893524
32893523
32893522
32893508
32893329
32893306
32893295
32893272
32893231
32893177
32893160
32893137
32893135
32893129
32893123
32893073
32893072
32893070
32893069
32893062
32893060
32893048
32893047
32893040
32893036
32893003
32892991
32892981
32892980
32892893
32892875
32892793
32892789
32892787
32892755
32892746
32892742
32892616
32892540
32892458
32892325
32892322
32892311
32892301
32892293
32892279
32892275
32892262
32892197
32892107
32892062
32892061
32891990
32891988
32891969
32891957
32891956
32891938
32891931
32891929
32891919
32891917
32891904
32891874
32891850
32891829
32891798
32891785
32891765
32891763
32891745
32891737
32891736
32891733
32891726
32891724
32891697
32891677
32891640
32891636
32891635
32891634
32891630
32891590
32891583
32891582
32891525
32891520
32891497
32891495
32891494
32891485
32891482
32891447
32891437
32891435
32891417
32891414
32891413
32891410
32891405
32891399
32891326
32891266
32891255
32891216
32891215
32891198
32891197
32891195
32891161
32891160
32891155
32891146
32891124
32891113
32891011
32890979
32890975
32890967
32890939
32890938
32890937
32890921
32890913
32890908
32890845
32890817
32890807
32890777
32890763
32890757
32890736
32890723
32890717
32890669
32890666
32890628
32890596
32890595
32890549
32890548
32890545
32890544
32890543
32890542
32890541
32890540
32890539
32890537
32890536
32890533
32890532
32890530
32890529
32890528
32890526
32890525
32890524
32890523
32890521
32890520
32890519
32890518
32890516
32890515
32890513
32890512
32890511
32890507
32890505
32890504
32890502
32890501
32890500
32890371
32890365
32890356
32890355
32890354
32890353
32890113
32889957
32889947
32889946
32889852
32889851
32889850
32889784
32889687
32889648
32889638
32889621
32889620
32889618
32889590
32889589
32889584
32889497
32889496
32889495
32889479
32889420
32889405
32889403
32889402
32889378
32889290
32889243
32889241
32889236
32889227
32889221
32889184
32889161
32889160
32889105
32889104
32889103
32889094
32889088
32889075
32889073
32889069
32889063
32889042
32889039
32889037
32889029
32889022
32889019
32888982
32888979
32888977
32888976
32888947
32888905
32888904
32888901
32888876
32888875
32888871
32888862
32888855
32888850
32888844
32888840
32888822
32888804
32888800
32888796
32888767
32888763
32888762
32888760
32888757
32888715
32888706
32888705
32888676
32888638
32888496
32888476
32888467
32888466
32888458
32888457
32888456
32888448
32888444
32888441
32888438
32888437
32888424
32888412
32888409
32888360
32888311
32888305
32888302
32888298
32888186
32888169
32888168
32888144
32888118
32888056
32888048
32888013
32888007
32888000
32887994
32887992
32887991
32887982
32887979
32887954
32887884
32887876
32887790
32887735
32887695
32887670
32887660
32887658
32887652
32887650
32887647
32887634
32887629
32887592
32887569
32887482
32887462
32887422
32887410
32887358
32887338
32887328
32887260
32887014
32886958
32886791
32886789
32886773
32886768
32886762
32886755
32886750
32886738
32886737
32886711
32886709
32886696
32886678
32886671
32886623
32886622
32886526
32886525
32886465
32886464
32886428
32886335
32886333
32886332
32886309
32886305
32886298
32886292
32886272
32886230
32886210
32886208
32886143
32886066
32886002
32885971
32885908
32885815
32885801
32885797
32885782
32885781
32885777
32885663
32885626
32885625
32885373
32885370
32885361
32885345
32885340
32885319
32885293
32885278
32885277
32885275
32885174
32885173
32885172
32885147
32885145
32885143
32885126
32885046
32885037
32885022
32885019
32884979
32884965
32884938
32884935
32884879
32884878
32884871
32884824
32884821
32884676
32884675
32884603
32884519
32884452
32884379
32884373
32884308
32884277
32884251
32884243
32884232
32884226
32884218
32884216
32884213
32884212
32884185
32884178
32884135
32883951
32883949
32883943
32883938
32883935
32883926
32883925
32883895
32883893
32883878
32883809
32883690
32883679
32883678
32883676
32883631
32883622
32883598
32883596
32883594
32883593
32883580
32883566
32883537
32883529
32883517
32883512
32883510
32883507
32883426
32883421
32883420
32883419
32883410
32883382
32883368
32883344
32883328
32883276
32883217
32883174
32883088
32883062
32883050
32883010
32883007
32882960
32882922
32882888
32882868
32882867
32882823
32882820
32882767
32882738
32882708
32882706
32882672
32882671
32882670
32882669
32882666
32882643
32882638
32882627
32882598
32882508
32882506
32882504
32882494
32882464
32882437
32882435
32882434
32882432
32882393
32882361
32882350
32882347
32882345
32882331
32882315
32882309
32882269
32882252
32882246
32882235
32882216
32882202
32882193
32882189
32882184
32882182
32882178
32882177
32882150
32882108
32882074
32882031
32882029
32882019
32882018
32881982
32881980
32881976
32881950
32881946
32881933
32881907
32881895
32881887
32881860
32881855
32881851
32881850
32881845
32881437
32881436
32881428
32881427
32881412
32881367
32881350
32881336
32881325
32881315
32881304
32881296
32881288
32881279
32881278
32881275
32881272
32881266
32881265
32881245
32881234
32881225
32881217
32881214
32881209
32881180
32881174
32881170
32881157
32881133
32881116
32881081
32881072
32881062
32881059
32881055
32881045
32881042
32881013
32881010
32880993
32880991
32880974
32880961
32880957
32880943
32880939
32880937
32880932
32880929
32880920
32880919
32880914
32880908
32880906
32880904
32880896
32880880
32880878
32880875
32880873
32880863
32880819
32880807
32880806
32880796
32880795
32880786
32880774
32880754
32880739
32880723
32880722
32880721
32880667
32880651
32880644
32880640
32880617
32880596
32880584
32880577
32880484
32880483
32880453
32880394
32880390
32880365
32880102
32880100
32880078
32880032
32880019
32879987
32879978
32879905
32879902
32879867
32879866
32879862
32879841
32879836
32879833
32879814
32879813
32879801
32879797
32879733
32879732
32879731
32879730
32879723
32879720
32879637
32879606
32879592
32879591
32879590
32879554
32879542
32879513
32879471
32879427
32879413
32879307
32879306
32879154
32879123
32879122
32879121
32879120
32879119
32879118
32879117
32879116
32879115
32879114
32879113
32879112
32879111
32879110
32879109
32879108
32879107
32879106
32879105
32879104
32879103
32879102
32879101
32879100
32879099
32879098
32879097
32879096
32879095
32879094
32879082
32878994
32878932
32878931
32878920
32878898
32878881
32878841
32878840
32878835
32878768
32878736
32878733
32878732
32878727
32878726
32878687
32878679
32878678
32878654
32878641
32878639
32878627
32878619
32878576
32878574
32878559
32878481
32878480
32878468
32878333
32878286
32878180
32878142
32878092
32878025
32877985
32877881
32877867
32877856
32877853
32877828
32877792
32877769
32877768
32877709
32877708
32877703
32877699
32877692
32877642
32877585
32877576
32877527
32877520
32877511
32877501
32877500
32877499
32877498
32877497
32877496
32877495
32877494
32877493
32877492
32877491
32877490
32877489
32877453
32877449
32877446
32877420
32877352
32877350
32877349
32877348
32877347
32877214
32876941
32876938
32876931
32876930
32876925
32876905
32876900
32876897
32876887
32876832
32876803
32876786
32876777
32876775
32876748
32876726
32876696
32876685
32876682
32876681
32876680
32876673
32876663
32876572
32876571
32876570
32876569
32876563
32876415
32876414
32876413
32876412
32876321
32876320
32876319
32876318
32876317
32876316
32876299
32876296
32876282
32876280
32876277
32876276
32876275
32876273
32876271
32876270
32876269
32876267
32876261
32876260
32876259
32876256
32876254
32876253
32876252
32876249
32876247
32876246
32876245
32876244
32876243
32876242
32876241
32876200
32876199
32876198
32876197
32876196
32876177
32876154
32876127
32876114
32876113
32876112
32876108
32876096
32876094
32876089
32876086
32876020
32876019
32875914
32875809
32875776
32875675
32875535
32875529
32875524
32875520
32875509
32875507
32875502
32875500
32875494
32875490
32875474
32875426
32875391
32875309
32875286
32875281
32875276
32875269
32875176
32875175
32875166
32875061
32875060
32875045
32875040
32875005
32874996
32874993
32874986
32874973
32874972
32874970
32874968
32874967
32874964
32874959
32874957
32874935
32874934
32874913
32874907
32874906
32874905
32874904
32874863
32874862
32874861
32874860
32874859
32874858
32874857
32874856
32874855
32874854
32874853
32874852
32874851
32874834
32874801
32874794
32874791
32874745
32874744
32874703
32874702
32874699
32874698
32874697
32874688
32874663
32874594
32874585
32874484
32874447
32874430
32874422
32874417
32874374
32874372
32874355
32874207
32874203
32874186
32874165
32874155
32874143
32874142
32874091
32874089
32874073
32874039
32874038
32874037
32874025
32874024
32874022
32874021
32874019
32874017
32874016
32874013
32874011
32874010
32874009
32874008
32873994
32873988
32873987
32873977
32873908
32873904
32873897
32873888
32873887
32873886
32873808
32873791
32873700
32873696
32873685
32873684
32873611
32873607
32873597
32873584
32873583
32873575
32873542
32873541
32873536
32873520
32873516
32873513
32873506
32873499
32873496
32873495
32873480
32873396
32873395
32873370
32873360
32873358
32873357
32873352
32873337
32873322
32873318
32873316
32873269
32873261
32873241
32873235
32873230
32873192
32873175
32873147
32873106
32873103
32873056
32872763
32872738
32872736
32872734
32872731
32872727
32872685
32872683
32872641
32872640
32872629
32872607
32872577
32872469
32872439
32872421
32872395
32872374
32872337
32872336
32872332
32872321
32872310
32872261
32872217
32872186
32872179
32872154
32872116
32872048
32872018
32872017
32872009
32871999
32871994
32871990
32871986
32871977
32871931
32871902
32871900
32871898
32871892
32871887
32871886
32871880
32871864
32871738
32871737
32871735
32871734
32871718
32871694
32871686
32871676
32871675
32871661
32871659
32871594
32871592
32871591
32871543
32871524
32871515
32871499
32871487
32871450
32871426
32871424
32871418
32871412
32871399
32871342
32871306
32871294
32871264
32871242
32871238
32871200
32871183
32871109
32871108
32871063
32871014
32870979
32870820
32870815
32870707
32870706
32870481
32870469
32870462
32870452
32870451
32870435
32870433
32870407
32870381
32870380
32870379
32870376
32870373
32870352
32870351
32870275
32870164
32870159
32870139
32870117
32870059
32869854
32869849
32869831
32869770
32869728
32869701
32869673
32869664
32869560
32869558
32869556
32869550
32869541
32869274
32869273
32869267
32869251
32869220
32869201
32869200
32869186
32869183
32869149
32869133
32869044
32869043
32869042
32869041
32869040
32869039
32869038
32869037
32869036
32869035
32869034
32869033
32869032
32869031
32869030
32869029
32869028
32869027
32869026
32869025
32869024
32869023
32869022
32869021
32869020
32869019
32869018
32869017
32869016
32869015
32869012
32869011
32869008
32869007
32869006
32869005
32869000
32868999
32868998
32868996
32868994
32868993
32868992
32868990
32868989
32868987
32868986
32868985
32868984
32868983
32868978
32868977
32868976
32868975
32868974
32868972
32868971
32868970
32868967
32868966
32868965
32868962
32868961
32868960
32868957
32868956
32868909
32868801
32868756
32868631
32868442
32868435
32868370
32868368
32868276
32868275
32868266
32868260
32868252
32868231
32868226
32868204
32868193
32868192
32868156
32868142
32868115
32868097
32868092
32868090
32868042
32868038
32868032
32868017
32867979
32867925
32867874
32867855
32867854
32867852
32867851
32867849
32867810
32867787
32867746
32867708
32867706
32867625
32867606
32867591
32867582
32867381
32867349
32867328
32867323
32867313
32867310
32867305
32867287
32867280
32867260
32867244
32867224
32867149
32867137
32867123
32867108
32867105
32867098
32867037
32867024
32802963
32867010
32866898
32866858
32866856
32866831
32866826
32866825
32866818
32866813
32866812
32866811
32866803
32866802
32866796
32866795
32866780
32866731
32866717
32866693
32866677
32866665
32866663
32866659
32866652
32866645
32866640
32866639
32866638
32866599
32866580
32866574
32866556
32866555
32866550
32866537
32866536
32866534
32866527
32866507
32866501
32866494
32866493
32866462
32866437
32866436
32866435
32866433
32866429
32866405
32866368
32866270
32866247
32866168
32866149
32866109
32865809
32865778
32865769
32865757
32865701
32865700
32865671
32865669
32865654
32865638
32865629
32865552
32865541
32865522
32865490
32865489
32865458
32865382
32865204
32865193
32865190
32865158
32865152
32865149
32865137
32865126
32865107
32865095
32865077
32865072
32865019
32864995
32864945
32864934
32864913
32864912
32864911
32864865
32864709
32864653
32864639
32864634
32864633
32864632
32864631
32864630
32864628
32864627
32864626
32864608
32864605
32864604
32864603
32864601
32864594
32864593
32864591
32864590
32864589
32864588
32864579
32864578
32864577
32864576
32864575
32864574
32864573
32864572
32864571
32864570
32864547
32864545
32864520
32864516
32864514
32864513
32864509
32864484
32864482
32864472
32864457
32864456
32864444
32864423
32864409
32864406
32864402
32864388
32864377
32864376
32864375
32864374
32864373
32864361
32864360
32864352
32864341
32864340
32864339
32864338
32864335
32864334
32864332
32864330
32864323
32864318
32864306
32864304
32864303
32864302
32864299
32864289
32864288
32864280
32864278
32864270
32864265
32864262
32864252
32864250
32864241
32864235
32864225
32864224
32864192
32864184
32864182
32864178
32864171
32864162
32864140
32864128
32864126
32864125
32864124
32864104
32864101
32864078
32864070
32864068
32864057
32864030
32863986
32863984
32863965
32863952
32863947
32863879
32863871
32863870
32863869
32863832
32863810
32863808
32863793
32863789
32863782
32863760
32863755
32863754
32863740
32863738
32863711
32863676
32863675
32863659
32863651
32863637
32863636
32863628
32863627
32863620
32863619
32863618
32863617
32863616
32863615
32863614
32863613
32863612
32863611
32863610
32863609
32863608
32863607
32863593
32863581
32863577
32863551
32863544
32863540
32863535
32863526
32863523
32863521
32863520
32863508
32863507
32863495
32863490
32863487
32863482
32863462
32863461
32863430
32863419
32863400
32863397
32863392
32863391
32863388
32863364
32863359
32863355
32863339
32863298
32863290
32863269
32863223
32863200
32863199
32863197
32863191
32863188
32863176
32863157
32863144
32863137
32863136
32863134
32863133
32863132
32863130
32863098
32863086
32863084
32863070
32863069
32863048
32863039
32863038
32863034
32863022
32863018
32863017
32862984
32862923
32862921
32862896
32862842
32862747
32862704
32862685
32862620
32862566
32862406
32862396
32862289
32862274
32862273
32862265
32862236
32862224
32862125
32862111
32862110
32862107
32862101
32862099
32862098
32862097
32862074
32862066
32862063
32862058
32862008
32861984
32861979
32861977
32861974
32861965
32861951
32861922
32861894
32861893
32861887
32861886
32861885
32861884
32861883
32861868
32861865
32861858
32861856
32861850
32861849
32861848
32861840
32861839
32861838
32861837
32861835
32861829
32861828
32861827
32861825
32861824
32861823
32861816
32861812
32861744
32861734
32861733
32861728
32861702
32861693
32861692
32861625
32861586
32861584
32861582
32861575
32861559
32861536
32861501
32861461
32861460
32861459
32861440
32861432
32861431
32861427
32861422
32861396
32861395
32861346
32861345
32861344
32861343
32861340
32861338
32861337
32861334
32861333
32861329
32861328
32861327
32861326
32861324
32861317
32861268
32861199
32861187
32861186
32861174
32861152
32861125
32861124
32861098
32861096
32861094
32861084
32861075
32861070
32861023
32861011
32860987
32860964
32860962
32860959
32860950
32860949
32860919
32860917
32860913
32860909
32860908
32860905
32860880
32860872
32860861
32860845
32860817
32860816
32860790
32860787
32860780
32860768
32860762
32860740
32860699
32860672
32860621
32860612
32860608
32860606
32860573
32860569
32860535
32860514
32860510
32860509
32860457
32860214
32860181
32860146
32860140
32860103
32860101
32860089
32860074
32860073
32860069
32860060
32859963
32859880
32859867
32859866
32859865
32859864
32859863
32859857
32859856
32859815
32859814
32859813
32859812
32859807
32859682
32859681
32859680
32859678
32859677
32859676
32859675
32859674
32859666
32859619
32859618
32859571
32859555
32859545
32859539
32859531
32859529
32859516
32859496
32859490
32859480
32859477
32859459
32859452
32859436
32859434
32859408
32859406
32859394
32859393
32859365
32859362
32859361
32859359
32859357
32859352
32859351
32859298
32859264
32859261
32859259
32859254
32859243
32859242
32859241
32859194
32859188
32859121
32859064
32859053
32859016
32859008
32858978
32858958
32858940
32858874
32858870
32858835
32858810
32858801
32858566
32858533
32858530
32858479
32858476
32858475
32858474
32858431
32858368
32858315
32858292
32858249
32858238
32858233
32858232
32858231
32858226
32858211
32858138
32858131
32858098
32858095
32858092
32858081
32858069
32858068
32858061
32858060
32858058
32858031
32858015
32858014
32858012
32857990
32857989
32857987
32857955
32857929
32857838
32857836
32857835
32857833
32857829
32857826
32857824
32857823
32857811
32857808
32857806
32857785
32857707
32857691
32857641
32857603
32857591
32857489
32857487
32857454
32857453
32857410
32857405
32857402
32857390
32857332
32857301
32857287
32857238
32857234
32857226
32857218
32857213
32857179
32857130
32857119
32857112
32857058
32856888
32856805
32856803
32856773
32856766
32856763
32856762
32856753
32856752
32856751
32856744
32856742
32856728
32856722
32856721
32856719
32856718
32856712
32856707
32856706
32856705
32856700
32856691
32856586
32856584
32856432
32856411
32856335
32856333
32856328
32856325
32856282
32856269
32856216
32856215
32856214
32856202
32856180
32856176
32856167
32856121
32856065
32856063
32856036
32856034
32856024
32855992
32855991
32855988
32855906
32855836
32855827
32855798
32855782
32855781
32855780
32855779
32855778
32855777
32855776
32855775
32855774
32855773
32855772
32855771
32855764
32855710
32855629
32855618
32855556
32855543
32855527
32855483
32855439
32855433
32855430
32855428
32855413
32855406
32855401
32855394
32855385
32855361
32855352
32855343
32855306
32855280
32855259
32855214
32855212
32855179
32855178
32855158
32855101
32855098
32855095
32855090
32855085
32855070
32855061
32855060
32855053
32855037
32855026
32855021
32854985
32854983
32854962
32854948
32854925
32854921
32854871
32854864
32854863
32854812
32854806
32854801
32854791
32854786
32854774
32854773
32854762
32854761
32854751
32854750
32854742
32854739
32854738
32854728
32854725
32854656
32854630
32854573
32854520
32854513
32854481
32854480
32854433
32854430
32854414
32854401
32854391
32854379
32854334
32854317
32854265
32854262
32854247
32850121
32724561
32854169
32854147
32854106
32854104
32854088
32854081
32854070
32854044
32854041
32854020
32853989
32853988
32853982
32853978
32853931
32853914
32853913
32853901
32853893
32853884
32853857
32853833
32853823
32853692
32853690
32853689
32853687
32853686
32853685
32853675
32853673
32853672
32853663
32853638
32853631
32853604
32853603
32853602
32853601
32853600
32853599
32853598
32853597
32853596
32853582
32853576
32853557
32853553
32853546
32853545
32853538
32853537
32853525
32853484
32853453
32853442
32853434
32853423
32853408
32853400
32853370
32853360
32853357
32853331
32853320
32853309
32853295
32853294
32853292
32853291
32853285
32853280
32853267
32853230
32853196
32853193
32853190
32853188
32853185
32853040
32853033
32853032
32852928
32852927
32852926
32852912
32852911
32852883
32852882
32852868
32852854
32852851
32852838
32852829
32852827
32852826
32852820
32852816
32852809
32852808
32852806
32852801
32852794
32852785
32852782
32852721
32852704
32852702
32852686
32852673
32852642
32852624
32852623
32852587
32852586
32852580
32852576
32852539
32852338
32852334
32852291
32852276
32852265
32852264
32852146
32852142
32852117
32852112
32852082
32852080
32852074
32852058
32851931
32851919
32851912
32851910
32851897
32851877
32851855
32851803
32851784
32851718
32851716
32851697
32851645
32851596
32851506
32851427
32851419
32851417
32851355
32851334
32851189
32851183
32851132
32851129
32851113
32851112
32851093
32851078
32851063
32851061
32850990
32850989
32850978
32850977
32850973
32850963
32850958
32850929
32850928
32850927
32850926
32850925
32850924
32850923
32850922
32850921
32850920
32850918
32850917
32850916
32850915
32850912
32850890
32850809
32850752
32850746
32850726
32850612
32850611
32850610
32850609
32850608
32850607
32850606
32850605
32850604
32850603
32850602
32850601
32850565
32850564
32850563
32850562
32850560
32850506
32850499
32850461
32850454
32850443
32850428
32850265
32850261
32850246
32850241
32850225
32850218
32850213
32850205
32850199
32850198
32850163
32850160
32850151
32850149
32850133
32850116
32850107
32850105
32850085
32850084
32850083
32850082
32850041
32850016
32849972
32849952
32849949
32849947
32849942
32849936
32849934
32849913
32849908
32849867
32849861
32849840
32849833
32849666
32849658
32849656
32849655
32849654
32849650
32849648
32849647
32849643
32849623
32849619
32849449
32849448
32849446
32849438
32849425
32849309
32849231
32849157
32849149
32849147
32849127
32849111
32849110
32849104
32849095
32849087
32849083
32849079
32849073
32848958
32848952
32848937
32848926
32848918
32848907
32848893
32848845
32848802
32848795
32848790
32848788
32848776
32848774
32848769
32848765
32848743
32848729
32848621
32848523
32848492
32848488
32848487
32848486
32848481
32848476
32848447
32848446
32848431
32848352
32848328
32848274
32848272
32848232
32848207
32848162
32848158
32848152
32848107
32848097
32848011
32847947
32847926
32847836
32847819
32847818
32847770
32847748
32847730
32847684
32847679
32847628
32847626
32847620
32847594
32847559
32847554
32847510
32847492
32847471
32847464
32847378
32847342
32847134
32847057
32847040
32847034
32847033
32847031
32847008
32846960
32846910
32846906
32846885
32846843
32846842
32846839
32846825
32846780
32846656
32846654
32846644
32846611
32846557
32846431
32846406
32846367
32846196
32846177
32846167
32846165
32846164
32846157
32846142
32846051
32846033
32846001
32845944
32845942
32845937
32845928
32845926
32845852
32845850
32845805
32845762
32845750
32845742
32845737
32845733
32845730
32845705
32845618
32845609
32845582
32845580
32845575
32845568
32845538
32845533
32845521
32845518
32845512
32845511
32845462
32845460
32845457
32845456
32845433
32845413
32845412
32845405
32845385
32845317
32845303
32845289
32845164
32845145
32845122
32845101
32845081
32845078
32845035
32845033
32845032
32845031
32845030
32845013
32845009
32845008
32844988
32844987
32844986
32844985
32844981
32844977
32844967
32844960
32844959
32844958
32844957
32844955
32844947
32844946
32844944
32844939
32844937
32844933
32844930
32844922
32844921
32844918
32844915
32844901
32844894
32844893
32844886
32844781
32844739
32844725
32844717
32844713
32844707
32844622
32844621
32844613
32844612
32844604
32844546
32844538
32844526
32844524
32844516
32844512
32844495
32844402
32844375
32844305
32844303
32844261
32844260
32844246
32844243
32844229
32844224
32844189
32844172
32844161
32844157
32844148
32844144
32844136
32844135
32844134
32844133
32844132
32844131
32844126
32844125
32844124
32844117
32844114
32844113
32844112
32844108
32844107
32844106
32844105
32844088
32844087
32844081
32844061
32843985
32843984
32843949
32843905
32843887
32843886
32843885
32843880
32843866
32843849
32843836
32843835
32843824
32843823
32843821
32843818
32843816
32843782
32843781
32843780
32843770
32843727
32843719
32843716
32843715
32843695
32843628
32843626
32843617
32843598
32843485
32843475
32843473
32843469
32843467
32843381
32843359
32843335
32843331
32843234
32843200
32843186
32843175
32843151
32843150
32843127
32843121
32843119
32843115
32843114
32843111
32843110
32843098
32843094
32843069
32843064
32843049
32842979
32842957
32842911
32842881
32842818
32842771
32842748
32842721
32842719
32842655
32842622
32842607
32842606
32842601
32842584
32842563
32842513
32842509
32842505
32842491
32841954
32841949
32841948
32841929
32841924
32841919
32841864
32841850
32841849
32841749
32841704
32841703
32841689
32841688
32841686
32841675
32841659
32841654
32841645
32841640
32841639
32841626
32841613
32841605
32841599
32841519
32841510
32841477
32841451
32841429
32841418
32841417
32841413
32841411
32841396
32841395
32841387
32841386
32841368
32841356
32841354
32841347
32841342
32841334
32841316
32841314
32841294
32841283
32841275
32841215
32841212
32841153
32841152
32841151
32841042
32840976
32840917
32840859
32840858
32840857
32840856
32840855
32840854
32840853
32840852
32840851
32840850
32840848
32840847
32840846
32840845
32840844
32840843
32840842
32840841
32840840
32840839
32840838
32840837
32840836
32840835
32840834
32840833
32840832
32840831
32840830
32840829
32840828
32840827
32840826
32840825
32840824
32840823
32840805
32840758
32840756
32840686
32840635
32840608
32840606
32840560
32840492
32840491
32840462
32840387
32840385
32840379
32840378
32840335
32840325
32840316
32840287
32840253
32840252
32840249
32840248
32840246
32840245
32840243
32840240
32840231
32840156
32840148
32840120
32840109
32840029
32840002
32839984
32839961
32839960
32839951
32839942
32839923
32839921
32839898
32839897
32839882
32839868
32839867
32839788
32839787
32839786
32839785
32839784
32839783
32839782
32839781
32839780
32839779
32839778
32839777
32839776
32839775
32839774
32839773
32839772
32839771
32839770
32839769
32839768
32839767
32839766
32839765
32839764
32839763
32839761
32839760
32839759
32839758
32839757
32839756
32839755
32839753
32839751
32839747
32839746
32839745
32839744
32839743
32839742
32839741
32839740
32839739
32839734
32839733
32839732
32839731
32839730
32839729
32839728
32839727
32839726
32839725
32839724
32839723
32839706
32839705
32839704
32839703
32839702
32839701
32839700
32839699
32839698
32839696
32839695
32839694
32839693
32839692
32839691
32839689
32839687
32839674
32839672
32839671
32839670
32839668
32839667
32839666
32839665
32839664
32839649
32839647
32839646
32839644
32839643
32839642
32839641
32839640
32839639
32839638
32839635
32839634
32839585
32839569
32839534
32839385
32839380
32839354
32839337
32839315
32839288
32839287
32839250
32839197
32839171
32839116
32839114
32839091
32839085
32839080
32839075
32839072
32839069
32839058
32839055
32839054
32839042
32839023
32839022
32839015
32839010
32838995
32838988
32838947
32838945
32838902
32838894
32838828
32838819
32838816
32838815
32838801
32838744
32838660
32838559
32832851
32832701
32838483
32838404
32838401
32838400
32838399
32838398
32838397
32838396
32838394
32838393
32838392
32838391
32838390
32838389
32838388
32838387
32838386
32838385
32838384
32838383
32838382
32838381
32838380
32838379
32838378
32838375
32838374
32838373
32838371
32838370
32838368
32838367
32838366
32838362
32838361
32838360
32838359
32838357
32838356
32838355
32838354
32838353
32838352
32838351
32838350
32838348
32838347
32838346
32838345
32838344
32838343
32838342
32838341
32838340
32838339
32838338
32838335
32838334
32838333
32838332
32838331
32838330
32838329
32838328
32838327
32838326
32838325
32838324
32838323
32838322
32838321
32838320
32838319
32838318
32838317
32838316
32838313
32838312
32838311
32838309
32838308
32838307
32838305
32838303
32838302
32838301
32838300
32838299
32838298
32838297
32838296
32838294
32838293
32838292
32838290
32838289
32838288
32838287
32838286
32838284
32838283
32838282
32838280
32838279
32838278
32838277
32838276
32838275
32838274
32838273
32838272
32838271
32838270
32838269
32838267
32838266
32838265
32838264
32838262
32838261
32838260
32838259
32838258
32838257
32838256
32838255
32838254
32838252
32838251
32838249
32838246
32838245
32838244
32838243
32838242
32838241
32838240
32838239
32838238
32838237
32838236
32838235
32838234
32838233
32838232
32838231
32838230
32838229
32838228
32838226
32838225
32838224
32838223
32838222
32838221
32838220
32838219
32838218
32838217
32838216
32838215
32838214
32838213
32838212
32838211
32838208
32838207
32838206
32838205
32838204
32838203
32838202
32838200
32838199
32838198
32838197
32838196
32838195
32838194
32838193
32838192
32838191
32838190
32838189
32838188
32838187
32838186
32838185
32838184
32838182
32838181
32838180
32838179
32838178
32838177
32838176
32838175
32838174
32838173
32838172
32838171
32838170
32838169
32838168
32838167
32838165
32838164
32838163
32838162
32838160
32838159
32838158
32838157
32838156
32838155
32838154
32838153
32838152
32838151
32838150
32838149
32838148
32838147
32838146
32838145
32838144
32838142
32838141
32838140
32838139
32838138
32838137
32838135
32838134
32838133
32838132
32838131
32838127
32838125
32838124
32838122
32838121
32838120
32838119
32838118
32838117
32838116
32838115
32838113
32838112
32838111
32838110
32838109
32838108
32838107
32838106
32838105
32838104
32838103
32838102
32838101
32838100
32838097
32838096
32838094
32838093
32838092
32838091
32838090
32838087
32838086
32838085
32838084
32838083
32838082
32838081
32838080
32838079
32838078
32838077
32838076
32838075
32838074
32838071
32838070
32838068
32838067
32838066
32838065
32838064
32838063
32838062
32838061
32838060
32838059
32838058
32838057
32838056
32838054
32838053
32838051
32838048
32838045
32838044
32838043
32838042
32838041
32838040
32838039
32838038
32838037
32838036
32838035
32838034
32838033
32838032
32838031
32838027
32838022
32838021
32838020
32838019
32838018
32838017
32838015
32838013
32838012
32838011
32838010
32838009
32838008
32838007
32838006
32838005
32838004
32838003
32838002
32838001
32838000
32837999
32837998
32837997
32837996
32837995
32837994
32837993
32837991
32837990
32837989
32837988
32837986
32837985
32837984
32837983
32837982
32837981
32837980
32837978
32837977
32837976
32837975
32837973
32837971
32837969
32837968
32837965
32837964
32837963
32837962
32837961
32837960
32837959
32837958
32837957
32837956
32837955
32837954
32837952
32837951
32837950
32837949
32837948
32837947
32837946
32837945
32837944
32837942
32837941
32837940
32837939
32837936
32837934
32837929
32837927
32837926
32837925
32837924
32837923
32837922
32837918
32837916
32837915
32837913
32837911
32837910
32837909
32837908
32837907
32837906
32837905
32837904
32837902
32837901
32837900
32837898
32837896
32837895
32837894
32837893
32837892
32837891
32837890
32837889
32837888
32837887
32837885
32837884
32837883
32837882
32837881
32837880
32837879
32837878
32837876
32837875
32837872
32837871
32837867
32837864
32837863
32837862
32837861
32837860
32837855
32837854
32837853
32837852
32837851
32837848
32837847
32837846
32837845
32837844
32837842
32837841
32837840
32837839
32837838
32837837
32837836
32837835
32837834
32837833
32837822
32837821
32837820
32837819
32837818
32837817
32837814
32837811
32837810
32837809
32837808
32837806
32837802
32837801
32837800
32837798
32837796
32837795
32837793
32837792
32837788
32837785
32837784
32837781
32837780
32837779
32837778
32837777
32837776
32837775
32837774
32837773
32837772
32837765
32837764
32837763
32837762
32837761
32837760
32837759
32837758
32837757
32837756
32837755
32837754
32837751
32837750
32837749
32837748
32837747
32837745
32837744
32837741
32837740
32837739
32837738
32837736
32837735
32837734
32837733
32837732
32837731
32837730
32837729
32837728
32837727
32837726
32837725
32837724
32837723
32837722
32837721
32837720
32837719
32837718
32837717
32837716
32837715
32837714
32837713
32837710
32837709
32837708
32837707
32837706
32837705
32837704
32837703
32837702
32837701
32837699
32837697
32837696
32837695
32837691
32837688
32837687
32837685
32837684
32837683
32837682
32837680
32837679
32837678
32837677
32837674
32837672
32837671
32837670
32837669
32837668
32837667
32837666
32837665
32837661
32837660
32837659
32837658
32837657
32837656
32837655
32837654
32837653
32837652
32837651
32837650
32837649
32837648
32837647
32837646
32837645
32837643
32837642
32837641
32837640
32837639
32837638
32837637
32837636
32837635
32837634
32837633
32837629
32837626
32837623
32837622
32837621
32837620
32837619
32837618
32837616
32837615
32837614
32837613
32837612
32837611
32837610
32837609
32837608
32837605
32837599
32837598
32837597
32837591
32837590
32837588
32837587
32837586
32837585
32837584
32837583
32837582
32837577
32837575
32837568
32837567
32837566
32837565
32837564
32837563
32837562
32837560
32837558
32837557
32837556
32837555
32837554
32837552
32837551
32837550
32837549
32837541
32837539
32837538
32837537
32837536
32837535
32837534
32837533
32837532
32837531
32837529
32837528
32837527
32837525
32837523
32837521
32837518
32837517
32837516
32837515
32837514
32837513
32837512
32837510
32837509
32837508
32837507
32837506
32837505
32837504
32837502
32837499
32837497
32837492
32837491
32837486
32837485
32837484
32837483
32837481
32837480
32837477
32837476
32837475
32837473
32837471
32837470
32837469
32837466
32837458
32837455
32837453
32837452
32837448
32837447
32837446
32837445
32837444
32837443
32837442
32837441
32837440
32837439
32837438
32837437
32837436
32837435
32837434
32837433
32837432
32837431
32837430
32837429
32837428
32837427
32837426
32837425
32837424
32837423
32837422
32837421
32837420
32837418
32837417
32837416
32837415
32837414
32837413
32837412
32837411
32837410
32837409
32837408
32837407
32837405
32837402
32837401
32837398
32837396
32837394
32837393
32837392
32837391
32837389
32837388
32837387
32837386
32837385
32837383
32837382
32837381
32837380
32837379
32837378
32837377
32837376
32837375
32837374
32837371
32837370
32837369
32837368
32837367
32837366
32837363
32837362
32837361
32837360
32837359
32837356
32837355
32837354
32837353
32837352
32837349
32837348
32837347
32837346
32837343
32837342
32837336
32837333
32837330
32837329
32837328
32837327
32837326
32837325
32837324
32837323
32837322
32837321
32837320
32837319
32837318
32837317
32837316
32837315
32837314
32837312
32837311
32837310
32837309
32837297
32837288
32837287
32837286
32837285
32837284
32837283
32837282
32837281
32837280
32837279
32837278
32837277
32837275
32837274
32837273
32837271
32837270
32837264
32837257
32837253
32837251
32837248
32837243
32837242
32837241
32837240
32837236
32837232
32837229
32837225
32837224
32837223
32837221
32837220
32837219
32837218
32837217
32837197
32837196
32837195
32837194
32837193
32837192
32837191
32837189
32837188
32837187
32837186
32837185
32837183
32837178
32837176
32837175
32837172
32837171
32837170
32837169
32837168
32837167
32837166
32837165
32837164
32837163
32837162
32837161
32837160
32837159
32837158
32837157
32837156
32837155
32837154
32837152
32837151
32837148
32837147
32837145
32837144
32837143
32837142
32837140
32837137
32837129
32837128
32837126
32837119
32837118
32837113
32837110
32837109
32837108
32837107
32837106
32837105
32837103
32837101
32837100
32837098
32837097
32837096
32837095
32837094
32837093
32837092
32837091
32837089
32837088
32837087
32837086
32837085
32837084
32837082
32837081
32837080
32837079
32837078
32837076
32837074
32837073
32837072
32837071
32837070
32837069
32837067
32837066
32837065
32837064
32837063
32837062
32837061
32837060
32837059
32837058
32837057
32837056
32837053
32837052
32837051
32837047
32837046
32837045
32837044
32837043
32837041
32837037
32837036
32837035
32837034
32837033
32837032
32837031
32837030
32837029
32837028
32837027
32837026
32837025
32837024
32837023
32837022
32837021
32837020
32837019
32837018
32837017
32837016
32837015
32837013
32837012
32837011
32837010
32837009
32837008
32837007
32837006
32837005
32837004
32837003
32837002
32837001
32837000
32836999
32836998
32836993
32836992
32836990
32836989
32836988
32836987
32836986
32836984
32836983
32836982
32836981
32836978
32836976
32836974
32836972
32836970
32836969
32836968
32836967
32836966
32836964
32836963
32836961
32836959
32836957
32836956
32836952
32836950
32836948
32836947
32836946
32836945
32836942
32836940
32836939
32836937
32836935
32836934
32836933
32836932
32836930
32836929
32836924
32836923
32836921
32836920
32836918
32836917
32836916
32836915
32836914
32836912
32836910
32836904
32836902
32836897
32836892
32836890
32836889
32836888
32836887
32836886
32836877
32836875
32836873
32836870
32836869
32836868
32836865
32836864
32836863
32836862
32836861
32836859
32836858
32836857
32836856
32836855
32836854
32836853
32836852
32836851
32836850
32836849
32836848
32836847
32836846
32836845
32836844
32836842
32836841
32836840
32836839
32836838
32836837
32836836
32836835
32836834
32836833
32836832
32836831
32836830
32836829
32836828
32836827
32836826
32836825
32836824
32836823
32836822
32836821
32836820
32836819
32836818
32836817
32836816
32836814
32836813
32836812
32836811
32836809
32836808
32836807
32836806
32836805
32836804
32836803
32836802
32836801
32836800
32836796
32836792
32836790
32836789
32836787
32836786
32836783
32836781
32836776
32836775
32836774
32836773
32836772
32836771
32836768
32836766
32836761
32836759
32836758
32836757
32836756
32836755
32836754
32836751
32836749
32836747
32836746
32836743
32836742
32836741
32836737
32836736
32836735
32836731
32836728
32836727
32836720
32836717
32836713
32836712
32836711
32836710
32836709
32836706
32836705
32836704
32836703
32836696
32836693
32836692
32836691
32836689
32836685
32836682
32836681
32836680
32836677
32836651
32836649
32836648
32836647
32836646
32836645
32836644
32836643
32836641
32836640
32836639
32836638
32836637
32836636
32836635
32836633
32836632
32836631
32836630
32836629
32836628
32836625
32836624
32836623
32836620
32836616
32836615
32836614
32836613
32836612
32836611
32836607
32836605
32836602
32836601
32836600
32836598
32836597
32836591
32836590
32836588
32836579
32836577
32836573
32836570
32836568
32836567
32836566
32836562
32836557
32836556
32836555
32836554
32836547
32836542
32836541
32836540
32836539
32836538
32836537
32836536
32836535
32836531
32836530
32836528
32836526
32836524
32836522
32836520
32836519
32836518
32836517
32836516
32836515
32836504
32836503
32836501
32836500
32836495
32836494
32836493
32836492
32836491
32836490
32836489
32836488
32836487
32836486
32836485
32836484
32836483
32836482
32836481
32836480
32836478
32836477
32836476
32836475
32836474
32836471
32836468
32836467
32836466
32836465
32836464
32836463
32836462
32836461
32836460
32836459
32836458
32836457
32836456
32836455
32836454
32836453
32836452
32836451
32836450
32836449
32836448
32836447
32836446
32836445
32836444
32836443
32836442
32836441
32836440
32836439
32836438
32836437
32836436
32836435
32836434
32836433
32836431
32836430
32836429
32836428
32836426
32836425
32836424
32836423
32836422
32836421
32836420
32836419
32836418
32836417
32836416
32836415
32836414
32836413
32836412
32836411
32836410
32836409
32836404
32836390
32836379
32836378
32836377
32836376
32836375
32836372
32836371
32836370
32836369
32836368
32836367
32836366
32836364
32836363
32836362
32836361
32836360
32836359
32836358
32836357
32836356
32836355
32836354
32836353
32836352
32836335
32836334
32836331
32836328
32836325
32836323
32836321
32836320
32836315
32836314
32836305
32836300
32836289
32836275
32836274
32836273
32836271
32836270
32836269
32836267
32836263
32836261
32836260
32836259
32836258
32836256
32836255
32836254
32836248
32836247
32836246
32836242
32836241
32836240
32836238
32836236
32836235
32836234
32836233
32836231
32836230
32836229
32836228
32836189
32836185
32836181
32836085
32836066
32836042
32836039
32836029
32836010
32835964
32835962
32835961
32835927
32835926
32835901
32835900
32835831
32835829
32835812
32835793
32835787
32835782
32835775
32835759
32835758
32835745
32835738
32835723
32835721
32835709
32835708
32835700
32835684
32835682
32835681
32835666
32835663
32835654
32835653
32835634
32835632
32835464
32835459
32835458
32835452
32835427
32835425
32835420
32835418
32835410
32835358
32835353
32835351
32835347
32835346
32835345
32835344
32835343
32835342
32835341
32835340
32835339
32835338
32835337
32835336
32835334
32835333
32835332
32835331
32835330
32835328
32835326
32835325
32835324
32835323
32835322
32835321
32835319
32835316
32835315
32835314
32835311
32835309
32835306
32835305
32835304
32835303
32835302
32835301
32835299
32835298
32835297
32835296
32835295
32835294
32835291
32835290
32835289
32835288
32835287
32835286
32835285
32835284
32835283
32835282
32835281
32835280
32835279
32835278
32835277
32835276
32835275
32835274
32835273
32835272
32835271
32835270
32835269
32835268
32835267
32835266
32835265
32835264
32835263
32835262
32835261
32835260
32835259
32835258
32835257
32835256
32835255
32835254
32835253
32835252
32835251
32835250
32835249
32835248
32835247
32835246
32835245
32835240
32835239
32835238
32835237
32835236
32835235
32835234
32835233
32835232
32835215
32835214
32835213
32835212
32835211
32835210
32835209
32835204
32835203
32835202
32835201
32835200
32835199
32835198
32835197
32835196
32835195
32835193
32835192
32835191
32835190
32835189
32835188
32835187
32835186
32835184
32835183
32835179
32835178
32835177
32835176
32835175
32835174
32835173
32835169
32835166
32835165
32835160
32835159
32835157
32835155
32835154
32835151
32835150
32835148
32835147
32835146
32835145
32835144
32835143
32835142
32835141
32835140
32835135
32835133
32835132
32835131
32835128
32835127
32835126
32835125
32835124
32835123
32835122
32835119
32835118
32835117
32835116
32835114
32835113
32835112
32835111
32835110
32835109
32835108
32835107
32835106
32835105
32835104
32835103
32835102
32835101
32835100
32835099
32835098
32835097
32835095
32835094
32835093
32835092
32835091
32835090
32835089
32835088
32835087
32835086
32835085
32835084
32835083
32835082
32835081
32835080
32835079
32835078
32835077
32835076
32835075
32835074
32835073
32835072
32835071
32835070
32835069
32835068
32835067
32835066
32835065
32835064
32835063
32835062
32835061
32835060
32835059
32835055
32835054
32835053
32835050
32835047
32835046
32835045
32835043
32835042
32835041
32835040
32835039
32835037
32835036
32835035
32835034
32835027
32835026
32835024
32835023
32835022
32835021
32835020
32835019
32835018
32835017
32835016
32835015
32835013
32835011
32835010
32835005
32835004
32835001
32834999
32834997
32834996
32834995
32834994
32834993
32834992
32834991
32834990
32834989
32834988
32834987
32834986
32834983
32834982
32834981
32834980
32834979
32834975
32834972
32834971
32834970
32834969
32834968
32834967
32834966
32834965
32834964
32834963
32834958
32834956
32834955
32834954
32834953
32834951
32834950
32834949
32834948
32834947
32834946
32834945
32834944
32834943
32834942
32834939
32834938
32834937
32834936
32834935
32834934
32834932
32834930
32834927
32834926
32834925
32834924
32834923
32834922
32834921
32834920
32834919
32834917
32834916
32834915
32834913
32834912
32834910
32834908
32834907
32834903
32834902
32834901
32834900
32834899
32834898
32834897
32834896
32834893
32834892
32834891
32834881
32834880
32834865
32834835
32834833
32834832
32834831
32834821
32834820
32834819
32834818
32834817
32834815
32834813
32834812
32834811
32834810
32834800
32834799
32834798
32834796
32834792
32834791
32834789
32834788
32834787
32834785
32834783
32834782
32834770
32834768
32834766
32834764
32834763
32834742
32834732
32834731
32834729
32834728
32834724
32834723
32834722
32834721
32834718
32834715
32834711
32834710
32834708
32834706
32834702
32834701
32834700
32834699
32834698
32834696
32834695
32834694
32834693
32834692
32834691
32834690
32834684
32834681
32834680
32834679
32834676
32834670
32834665
32834663
32834662
32834661
32834660
32834659
32834658
32834657
32834656
32834655
32834654
32834653
32834652
32834651
32834650
32834649
32834648
32834647
32834646
32834645
32834644
32834643
32834642
32834641
32834640
32834639
32834638
32834637
32834636
32834635
32834634
32834633
32834632
32834631
32834630
32834629
32834628
32834627
32834625
32834624
32834623
32834622
32834621
32834620
32834619
32834618
32834617
32834616
32834615
32834614
32834613
32834612
32834611
32834610
32834609
32834608
32834607
32834606
32834605
32834604
32834603
32834602
32834601
32834600
32834599
32834598
32834597
32834596
32834595
32834594
32834593
32834592
32834591
32834589
32834588
32834587
32834586
32834585
32834584
32834583
32834582
32834581
32834580
32834579
32834578
32834577
32834576
32834575
32834574
32834573
32834571
32834565
32834564
32834561
32834559
32834556
32834553
32834551
32834528
32834527
32834523
32834521
32834520
32834519
32834517
32834516
32834515
32834514
32834513
32834512
32834511
32834510
32834509
32834502
32834501
32834492
32834491
32834489
32834487
32834486
32834485
32834484
32834483
32834481
32834480
32834478
32834475
32834474
32834468
32834466
32834462
32834442
32834438
32834435
32834430
32834420
32834418
32834417
32834407
32834406
32834402
32834401
32834397
32834396
32834394
32834393
32834392
32834391
32834390
32834389
32834388
32834387
32834386
32834385
32834384
32834382
32834381
32834380
32834379
32834378
32834377
32834376
32834375
32834374
32834373
32834372
32834371
32834369
32834356
32834347
32834346
32834345
32834344
32834341
32834340
32834338
32834335
32834332
32834328
32834324
32834322
32834319
32834318
32834317
32834316
32834315
32834314
32834313
32834311
32834302
32834301
32834299
32834295
32834292
32834290
32834288
32834285
32834284
32834283
32834282
32834281
32834280
32834279
32834278
32834276
32834275
32834272
32834270
32834269
32834263
32834259
32834253
32834252
32834251
32834250
32834248
32834247
32834243
32834241
32834240
32834239
32834238
32834237
32834236
32834235
32834232
32834228
32834227
32834221
32834220
32834218
32834217
32834216
32834215
32834211
32834209
32834208
32834203
32834194
32834193
32834192
32834188
32834187
32834180
32834179
32834178
32834177
32834176
32834174
32834151
32834150
32834149
32834148
32834147
32834146
32834145
32834144
32834143
32834142
32834141
32834140
32834139
32834137
32834133
32834127
32834123
32834118
32834115
32834114
32834113
32834111
32834110
32834108
32834103
32834101
32834100
32834099
32834098
32834097
32834095
32834093
32834090
32834081
32834070
32834065
32834063
32834062
32834058
32834057
32833954
32833833
32833832
32833732
32833711
32833696
32833695
32833687
32833671
32833661
32833660
32833573
32833435
32833383
32833382
32833343
32833313
32833297
32833283
32833273
32833272
32833259
32833258
32833242
32833241
32833238
32833179
32833178
32833141
32833108
32833094
32833058
32833016
32832996
32832927
32832926
32832914
32832913
32832908
32832758
32832740
32832739
32832737
32832735
32832721
32832702
32832666
32832594
32832591
32832575
32832527
32832439
32832438
32832437
32832436
32832425
32832388
32832313
32832308
32832306
32832299
32832263
32832200
32832117
32832099
32832047
32832045
32832038
32831961
32831942
32831940
32831937
32831936
32831935
32831934
32831933
32831932
32831931
32831930
32831929
32831849
32831577
32831538
32831537
32831536
32831527
32831526
32831524
32831523
32831522
32831521
32831518
32831499
32831496
32831363
32831186
32831176
32831155
32831151
32831142
32831104
32831083
32831045
32830930
32830894
32830893
32830891
32830882
32830876
32830862
32830853
32830825
32830798
32830791
32830619
32830527
32830472
32830471
32830470
32830469
32830452
32830390
32830358
32830319
32830309
32830296
32830286
32830284
32830267
32830266
32830167
32830165
32830154
32830130
32830110
32830042
32830040
32830031
32830030
32830025
32830001
32829999
32829992
32829989
32829987
32829986
32829985
32829981
32829968
32829962
32829956
32829915
32829913
32829906
32829885
32829876
32829859
32829782
32829742
32829738
32829736
32829735
32829732
32829730
32829726
32829719
32829718
32829705
32829699
32829590
32666040
32829535
32829525
32829511
32829510
32829467
32829464
32829450
32829449
32829416
32829412
32829400
32829390
32829260
32829258
32829257
32829256
32829231
32829224
32829149
32829140
32829111
32829098
32829073
32829053
32829052
32829051
32829048
32829047
32829044
32829043
32829030
32828990
32828956
32828939
32828896
32828865
32828864
32828857
32828791
32828741
32828735
32828727
32828701
32828699
32828698
32828694
32828653
32828638
32828636
32828626
32828614
32828609
32828595
32828591
32828577
32828573
32828571
32828569
32828561
32828553
32828550
32828493
32828489
32828477
32828347
32828338
32828337
32828336
32828335
32828312
32828269
32828268
32828210
32828189
32828180
32828178
32828177
32828171
32828160
32828159
32828157
32828156
32828155
32828129
32828120
32828069
32828027
32828002
32827993
32827987
32827979
32827969
32827932
32827898
32827869
32827813
32827801
32827748
32827739
32827733
32827728
32827715
32827705
32827698
32827696
32827672
32827661
32827643
32827627
32827597
32827594
32827588
32827587
32827582
32827525
32827510
32827485
32827476
32827475
32827474
32827472
32827462
32827345
32827341
32827338
32827335
32827321
32827318
32827313
32827296
32827292
32827284
32827274
32827259
32827253
32827250
32827249
32827241
32827240
32827207
32827186
32827163
32827125
32827110
32827108
32827093
32827082
32827081
32827002
32826990
32826976
32826975
32826974
32826937
32826935
32826924
32826914
32826846
32826658
32826649
32826570
32826569
32826545
32826544
32826519
32826465
32826464
32826462
32826433
32826432
32826431
32826430
32826428
32826388
32826387
32826334
32826332
32826331
32826322
32826301
32826279
32826192
32826162
32826157
32826150
32826138
32826129
32826119
32826107
32826103
32826100
32826093
32826086
32826081
32826070
32826022
32825963
32825954
32825937
32825892
32825854
32825853
32825837
32825816
32825763
32825737
32825713
32825629
32825607
32825563
32825469
32825444
32825438
32825430
32825427
32825405
32825383
32825349
32825327
32825305
32825303
32825295
32825283
32825269
32825251
32825182
32825092
32825068
32825063
32825060
32825011
32824985
32824839
32824830
32824827
32824787
32824767
32824753
32824683
32824674
32824639
32824596
32824594
32824591
32824573
32824564
32824454
32824272
32824258
32824191
32824152
32824122
32824110
32824072
32824030
32823999
32823981
32823922
32823907
32823901
32823866
32823852
32823833
32823775
32823740
32823727
32823719
32823591
32823540
32823497
32823223
32823216
32823173
32823172
32823148
32823144
32823139
32823138
32823135
32823131
32823069
32823051
32823047
32822955
32822927
32822917
32822916
32822915
32822911
32822885
32822884
32822883
32822882
32822881
32822866
32822835
32822832
32822795
32822793
32822790
32822775
32822756
32822746
32822689
32822684
32822644
32822628
32822627
32822622
32822615
32822599
32822597
32822596
32822595
32822594